-3.141590 -3.141590 0.636530 
-2.932150 -3.141590 25.057760 
-2.722710 -3.141590 30.924130 
-2.513270 -3.141590 33.919830 
-2.303830 -3.141590 34.497570 
-2.094400 -3.141590 33.600885 
-1.884960 -3.141590 33.261518 
-1.675520 -3.141590 34.135854 
-1.466080 -3.141590 36.021989 
-1.256640 -3.141590 37.016618 
-1.047200 -3.141590 35.641823 
-0.837758 -3.141590 30.225171 
-0.628319 -3.141590 20.620589 
-0.418879 -3.141590 8.160475 
-0.209440 -3.141590 -5.120933 
0.000000 -3.141590 -17.040176 
0.209440 -3.141590 -17.915814 
0.418879 -3.141590 -7.255907 
0.628319 -3.141590 5.595761 
0.837758 -3.141590 16.868538 
1.047200 -3.141590 22.720557 
1.256640 -3.141590 21.183139 
1.466080 -3.141590 13.235702 
1.675520 -3.141590 2.373689 
1.884960 -3.141590 -9.101486 
2.094400 -3.141590 -18.434037 
2.303830 -3.141590 -22.928964 
2.513270 -3.141590 -20.490123 
2.722710 -3.141590 -11.563695 
2.932150 -3.141590 0.182049 
3.141590 -3.141590 13.726789 
-3.141590 -2.932150 -10.443838 
-2.932150 -2.932150 12.001449 
-2.722710 -2.932150 18.710106 
-2.513270 -2.932150 21.895361 
-2.303830 -2.932150 22.315370 
-2.094400 -2.932150 21.543680 
-1.884960 -2.932150 20.817945 
-1.675520 -2.932150 20.852267 
-1.466080 -2.932150 21.437498 
-1.256640 -2.932150 21.403784 
-1.047200 -2.932150 17.944826 
-0.837758 -2.932150 10.249320 
-0.628319 -2.932150 -1.410702 
-0.418879 -2.932150 -15.113085 
-0.209440 -2.932150 -26.586861 
0.000000 -2.932150 -31.273125 
0.209440 -2.932150 -23.067797 
0.418879 -2.932150 -10.152710 
0.628319 -2.932150 2.672843 
0.837758 -2.932150 12.381473 
1.047200 -2.932150 16.158345 
1.256640 -2.932150 13.549292 
1.466080 -2.932150 5.156426 
1.675520 -2.932150 -6.273463 
1.884960 -2.932150 -18.267816 
2.094400 -2.932150 -27.915236 
2.303830 -2.932150 -32.832105 
2.513270 -2.932150 -30.720747 
2.722710 -2.932150 -22.082043 
2.932150 -2.932150 -10.059117 
3.141590 -2.932150 3.787642 
-3.141590 -2.722710 -16.316008 
-2.932150 -2.722710 5.731248 
-2.722710 -2.722710 12.596603 
-2.513270 -2.722710 15.669057 
-2.303830 -2.722710 16.163009 
-2.094400 -2.722710 15.293211 
-1.884960 -2.722710 14.828761 
-1.675520 -2.722710 14.726499 
-1.466080 -2.722710 15.072212 
-1.256640 -2.722710 13.896489 
-1.047200 -2.722710 9.578673 
-0.837758 -2.722710 0.591683 
-0.628319 -2.722710 -11.641089 
-0.418879 -2.722710 -24.412345 
-0.209440 -2.722710 -33.052803 
0.000000 -2.722710 -31.608130 
0.209440 -2.722710 -21.913234 
0.418879 -2.722710 -9.268032 
0.628319 -2.722710 2.521320 
0.837758 -2.722710 10.799215 
1.047200 -2.722710 13.502164 
1.256640 -2.722710 10.013321 
1.466080 -2.722710 1.345775 
1.675520 -2.722710 -9.833396 
1.884960 -2.722710 -21.850600 
2.094400 -2.722710 -31.949884 
2.303830 -2.722710 -37.280160 
2.513270 -2.722710 -35.508800 
2.722710 -2.722710 -27.525885 
2.932150 -2.722710 -15.774033 
3.141590 -2.722710 -1.378153 
-3.141590 -2.513270 -21.498348 
-2.932150 -2.513270 -0.230431 
-2.722710 -2.513270 6.927585 
-2.513270 -2.513270 10.325539 
-2.303830 -2.513270 11.038885 
-2.094400 -2.513270 10.502675 
-1.884960 -2.513270 10.023333 
-1.675520 -2.513270 10.141582 
-1.466080 -2.513270 9.836430 
-1.256640 -2.513270 8.001497 
-1.047200 -2.513270 2.699150 
-0.837758 -2.513270 -6.398367 
-0.628319 -2.513270 -18.103483 
-0.418879 -2.513270 -28.933555 
-0.209440 -2.513270 -33.392483 
0.000000 -2.513270 -28.918677 
0.209440 -2.513270 -19.237275 
0.418879 -2.513270 -7.927656 
0.628319 -2.513270 2.427109 
0.837758 -2.513270 9.388470 
1.047200 -2.513270 11.038403 
1.256640 -2.513270 7.176864 
1.466080 -2.513270 -1.489216 
1.675520 -2.513270 -12.585626 
1.884960 -2.513270 -24.330556 
2.094400 -2.513270 -34.910443 
2.303830 -2.513270 -40.730003 
2.513270 -2.513270 -39.693541 
2.722710 -2.513270 -32.313947 
2.932150 -2.513270 -20.916082 
3.141590 -2.513270 -6.122061 
-3.141590 -2.303830 -25.682749 
-2.932150 -2.303830 -4.953352 
-2.722710 -2.303830 2.567676 
-2.513270 -2.303830 6.432732 
-2.303830 -2.303830 7.344571 
-2.094400 -2.303830 6.763767 
-1.884960 -2.303830 6.281930 
-1.675520 -2.303830 6.033765 
-1.466080 -2.303830 5.740532 
-1.256640 -2.303830 3.677807 
-1.047200 -2.303830 -1.776879 
-0.837758 -2.303830 -10.253350 
-0.628319 -2.303830 -20.247726 
-0.418879 -2.303830 -27.901921 
-0.209440 -2.303830 -28.968840 
0.000000 -2.303830 -24.289423 
0.209440 -2.303830 -15.932239 
0.418879 -2.303830 -6.410434 
0.628319 -2.303830 2.245956 
0.837758 -2.303830 7.905252 
1.047200 -2.303830 9.025164 
1.256640 -2.303830 4.925651 
1.466080 -2.303830 -3.502501 
1.675520 -2.303830 -14.569291 
1.884960 -2.303830 -26.319454 
2.094400 -2.303830 -36.630183 
2.303830 -2.303830 -42.834996 
2.513270 -2.303830 -42.498120 
2.722710 -2.303830 -35.736117 
2.932150 -2.303830 -24.766706 
3.141590 -2.303830 -10.344606 
-3.141590 -2.094400 -27.968984 
-2.932150 -2.094400 -7.919899 
-2.722710 -2.094400 -0.719390 
-2.513270 -2.094400 3.326193 
-2.303830 -2.094400 4.487977 
-2.094400 -2.094400 4.179409 
-1.884960 -2.094400 3.896284 
-1.675520 -2.094400 3.604042 
-1.466080 -2.094400 3.231887 
-1.256640 -2.094400 1.452869 
-1.047200 -2.094400 -3.167654 
-0.837758 -2.094400 -10.308751 
-0.628319 -2.094400 -17.957170 
-0.418879 -2.094400 -22.837357 
-0.209440 -2.094400 -23.182311 
0.000000 -2.094400 -19.206364 
0.209440 -2.094400 -12.389728 
0.418879 -2.094400 -4.869175 
0.628319 -2.094400 1.886555 
0.837758 -2.094400 6.472429 
1.047200 -2.094400 7.243183 
1.256640 -2.094400 3.246800 
1.466080 -2.094400 -4.997203 
1.675520 -2.094400 -15.690809 
1.884960 -2.094400 -27.554761 
2.094400 -2.094400 -37.839216 
2.303830 -2.094400 -44.152489 
2.513270 -2.094400 -43.945329 
2.722710 -2.094400 -37.513866 
2.932150 -2.094400 -27.145072 
3.141590 -2.094400 -13.133799 
-3.141590 -1.884960 -28.720434 
-2.932150 -1.884960 -9.146098 
-2.722710 -1.884960 -2.228644 
-2.513270 -1.884960 1.759993 
-2.303830 -1.884960 3.133867 
-2.094400 -1.884960 3.000928 
-1.884960 -1.884960 2.682759 
-1.675520 -1.884960 2.636525 
-1.466080 -1.884960 2.495663 
-1.256640 -1.884960 1.248016 
-1.047200 -1.884960 -2.398924 
-0.837758 -1.884960 -7.775790 
-0.628319 -1.884960 -13.017705 
-0.418879 -1.884960 -16.706160 
-0.209440 -1.884960 -17.116168 
0.000000 -1.884960 -14.249852 
0.209440 -1.884960 -9.483549 
0.418879 -1.884960 -3.791499 
0.628319 -1.884960 1.719230 
0.837758 -1.884960 5.401041 
1.047200 -1.884960 6.211629 
1.256640 -1.884960 2.550014 
1.466080 -1.884960 -5.480383 
1.675520 -1.884960 -16.081355 
1.884960 -1.884960 -27.859648 
2.094400 -1.884960 -38.308821 
2.303830 -1.884960 -44.497860 
2.513270 -1.884960 -44.262508 
2.722710 -1.884960 -38.150466 
2.932150 -1.884960 -27.832507 
3.141590 -1.884960 -14.578637 
-3.141590 -1.675520 -27.762940 
-2.932150 -1.675520 -8.495118 
-2.722710 -1.675520 -1.886117 
-2.513270 -1.675520 1.804075 
-2.303830 -1.675520 3.164983 
-2.094400 -1.675520 2.903528 
-1.884960 -1.675520 2.693370 
-1.675520 -1.675520 2.889644 
-1.466080 -1.675520 3.120882 
-1.256640 -1.675520 2.380833 
-1.047200 -1.675520 0.393958 
-0.837758 -1.675520 -3.095396 
-0.628319 -1.675520 -7.173671 
-0.418879 -1.675520 -10.316272 
-0.209440 -1.675520 -11.174599 
0.000000 -1.675520 -9.950046 
0.209440 -1.675520 -6.990007 
0.418879 -1.675520 -3.046087 
0.628319 -1.675520 1.010077 
0.837758 -1.675520 4.314214 
1.047200 -1.675520 5.232601 
1.256640 -1.675520 2.349033 
1.466080 -1.675520 -4.924714 
1.675520 -1.675520 -15.643849 
1.884960 -1.675520 -27.614174 
2.094400 -1.675520 -37.873746 
2.303830 -1.675520 -44.006256 
2.513270 -1.675520 -43.534077 
2.722710 -1.675520 -37.517225 
2.932150 -1.675520 -27.313474 
3.141590 -1.675520 -14.459730 
-3.141590 -1.466080 -25.452694 
-2.932150 -1.466080 -6.427321 
-2.722710 -1.466080 0.073522 
-2.513270 -1.466080 3.570677 
-2.303830 -1.466080 4.764540 
-2.094400 -1.466080 4.328514 
-1.884960 -1.466080 4.133056 
-1.675520 -1.466080 4.450647 
-1.466080 -1.466080 5.065180 
-1.256640 -1.466080 4.863557 
-1.047200 -1.466080 4.267505 
-0.837758 -1.466080 1.859545 
-0.628319 -1.466080 -1.319315 
-0.418879 -1.466080 -3.850564 
-0.209440 -1.466080 -5.382925 
0.000000 -1.466080 -6.080024 
0.209440 -1.466080 -5.302814 
0.418879 -1.466080 -3.497610 
0.628319 -1.466080 -0.849607 
0.837758 -1.466080 2.453608 
1.047200 -1.466080 4.645231 
1.256640 -1.466080 3.097372 
1.466080 -1.466080 -3.769427 
1.675520 -1.466080 -14.508310 
1.884960 -1.466080 -26.516801 
2.094400 -1.466080 -36.250578 
2.303830 -1.466080 -42.374819 
2.513270 -1.466080 -41.328836 
2.722710 -1.466080 -34.874653 
2.932150 -1.466080 -24.989082 
3.141590 -1.466080 -12.474107 
-3.141590 -1.256640 -22.078081 
-2.932150 -1.256640 -3.023006 
-2.722710 -1.256640 3.484011 
-2.513270 -1.256640 6.736369 
-2.303830 -1.256640 7.481129 
-2.094400 -1.256640 6.975471 
-1.884960 -1.256640 6.897183 
-1.675520 -1.256640 7.565463 
-1.466080 -1.256640 8.683351 
-1.256640 -1.256640 9.308412 
-1.047200 -1.256640 9.439636 
-0.837758 -1.256640 7.924033 
-0.628319 -1.256640 5.253526 
-0.418879 -1.256640 2.374037 
-0.209440 -1.256640 -0.680505 
0.000000 -1.256640 -3.290609 
0.209440 -1.256640 -5.413143 
0.418879 -1.256640 -5.926659 
0.628319 -1.256640 -3.514152 
0.837758 -1.256640 0.993367 
1.047200 -1.256640 4.614056 
1.256640 -1.256640 4.146002 
1.466080 -1.256640 -1.985375 
1.675520 -1.256640 -13.111277 
1.884960 -1.256640 -24.632305 
2.094400 -1.256640 -34.019377 
2.303830 -1.256640 -39.708811 
2.513270 -1.256640 -38.089944 
2.722710 -1.256640 -31.268425 
2.932150 -1.256640 -21.366264 
3.141590 -1.256640 -9.128643 
-3.141590 -1.047200 -18.015644 
-2.932150 -1.047200 0.965921 
-2.722710 -1.047200 7.037383 
-2.513270 -1.047200 10.085191 
-2.303830 -1.047200 10.818288 
-2.094400 -1.047200 10.331984 
-1.884960 -1.047200 10.540034 
-1.675520 -1.047200 11.238464 
-1.466080 -1.047200 12.894815 
-1.256640 -1.047200 14.588858 
-1.047200 -1.047200 15.369247 
-0.837758 -1.047200 14.333675 
-0.628319 -1.047200 11.724562 
-0.418879 -1.047200 7.606832 
-0.209440 -1.047200 2.010120 
0.000000 -1.047200 -3.573065 
0.209440 -1.047200 -7.920377 
0.418879 -1.047200 -9.150560 
0.628319 -1.047200 -5.440318 
0.837758 -1.047200 0.811650 
1.047200 -1.047200 5.456828 
1.256640 -1.047200 5.595988 
1.466080 -1.047200 -0.229221 
1.675520 -1.047200 -11.129504 
1.884960 -1.047200 -22.797476 
2.094400 -1.047200 -31.449592 
2.303830 -1.047200 -36.228312 
2.513270 -1.047200 -34.572346 
2.722710 -1.047200 -27.248154 
2.932150 -1.047200 -17.142505 
3.141590 -1.047200 -5.118637 
-3.141590 -0.837758 -14.396697 
-2.932150 -0.837758 4.450073 
-2.722710 -0.837758 10.327713 
-2.513270 -0.837758 12.990674 
-2.303830 -0.837758 13.844490 
-2.094400 -0.837758 13.355564 
-1.884960 -0.837758 14.098883 
-1.675520 -0.837758 15.340379 
-1.466080 -0.837758 17.358873 
-1.256640 -0.837758 19.172037 
-1.047200 -0.837758 20.595725 
-0.837758 -0.837758 19.410980 
-0.628319 -0.837758 15.264976 
-0.418879 -0.837758 9.261684 
-0.209440 -0.837758 1.227498 
0.000000 -0.837758 -6.721878 
0.209440 -0.837758 -11.726112 
0.418879 -0.837758 -11.130942 
0.628319 -0.837758 -5.446246 
0.837758 -0.837758 1.839157 
1.047200 -0.837758 6.934355 
1.256640 -0.837758 7.159406 
1.466080 -0.837758 1.144637 
1.675520 -0.837758 -9.368959 
1.884960 -0.837758 -20.505082 
2.094400 -0.837758 -29.160545 
2.303830 -0.837758 -33.042525 
2.513270 -0.837758 -31.215534 
2.722710 -0.837758 -23.521256 
2.932150 -0.837758 -13.301221 
3.141590 -0.837758 -1.339300 
-3.141590 -0.628319 -12.402044 
-2.932150 -0.628319 6.502891 
-2.722710 -0.628319 12.504213 
-2.513270 -0.628319 15.305926 
-2.303830 -0.628319 16.209179 
-2.094400 -0.628319 16.387827 
-1.884960 -0.628319 16.798665 
-1.675520 -0.628319 18.293218 
-1.466080 -0.628319 20.671589 
-1.256640 -0.628319 22.870255 
-1.047200 -0.628319 23.661011 
-0.837758 -0.628319 21.756796 
-0.628319 -0.628319 16.461475 
-0.418879 -0.628319 7.891211 
-0.209440 -0.628319 -2.304641 
0.000000 -0.628319 -10.668967 
0.209440 -0.628319 -14.456217 
0.418879 -0.628319 -11.757460 
0.628319 -0.628319 -4.610475 
0.837758 -0.628319 3.360671 
1.047200 -0.628319 8.681161 
1.256640 -0.628319 8.927092 
1.466080 -0.628319 2.856183 
1.675520 -0.628319 -7.483397 
1.884960 -0.628319 -18.560995 
2.094400 -0.628319 -27.443089 
2.303830 -0.628319 -31.425470 
2.513270 -0.628319 -29.389852 
2.722710 -0.628319 -21.377722 
2.932150 -0.628319 -10.925079 
3.141590 -0.628319 1.347376 
-3.141590 -0.418879 -12.126533 
-2.932150 -0.418879 6.841299 
-2.722710 -0.418879 13.182550 
-2.513270 -0.418879 16.316167 
-2.303830 -0.418879 17.604126 
-2.094400 -0.418879 18.101983 
-1.884960 -0.418879 18.963511 
-1.675520 -0.418879 20.246559 
-1.466080 -0.418879 22.224430 
-1.256640 -0.418879 24.502248 
-1.047200 -0.418879 24.698840 
-0.837758 -0.418879 21.532885 
-0.628319 -0.418879 14.035177 
-0.418879 -0.418879 3.834215 
-0.209440 -0.418879 -6.675662 
0.000000 -0.418879 -14.194501 
0.209440 -0.418879 -16.122136 
0.418879 -0.418879 -11.426606 
0.628319 -0.418879 -3.132142 
0.837758 -0.418879 5.363813 
1.047200 -0.418879 10.797308 
1.256640 -0.418879 10.819943 
1.466080 -0.418879 4.594692 
1.675520 -0.418879 -5.572321 
1.884960 -0.418879 -16.572424 
2.094400 -0.418879 -26.022761 
2.303830 -0.418879 -30.410242 
2.513270 -0.418879 -28.708363 
2.722710 -0.418879 -20.889336 
2.932150 -0.418879 -10.412072 
3.141590 -0.418879 2.332142 
-3.141590 -0.209440 -12.976141 
-2.932150 -0.209440 6.625346 
-2.722710 -0.209440 13.570772 
-2.513270 -0.209440 17.127245 
-2.303830 -0.209440 18.700249 
-2.094400 -0.209440 19.275884 
-1.884960 -0.209440 19.908484 
-1.675520 -0.209440 21.130018 
-1.466080 -0.209440 23.006778 
-1.256640 -0.209440 24.526287 
-1.047200 -0.209440 23.831356 
-0.837758 -0.209440 18.883369 
-0.628319 -0.209440 10.133723 
-0.418879 -0.209440 -0.359302 
-0.209440 -0.209440 -10.365134 
0.000000 -0.209440 -16.917610 
0.209440 -0.209440 -16.967373 
0.418879 -0.209440 -10.405999 
0.628319 -0.209440 -1.119928 
0.837758 -0.209440 7.624997 
1.047200 -0.209440 13.141139 
1.256640 -0.209440 13.061063 
1.466080 -0.209440 6.897034 
1.675520 -0.209440 -3.188488 
1.884960 -0.209440 -14.688938 
2.094400 -0.209440 -24.554306 
2.303830 -0.209440 -30.289096 
2.513270 -0.209440 -29.516641 
2.722710 -0.209440 -22.556940 
2.932150 -0.209440 -11.942622 
3.141590 -0.209440 1.558961 
-3.141590 0.000000 -14.768367 
-2.932150 0.000000 6.089414 
-2.722710 0.000000 13.601844 
-2.513270 0.000000 17.830385 
-2.303830 0.000000 19.416743 
-2.094400 0.000000 20.068782 
-1.884960 0.000000 20.436132 
-1.675520 0.000000 21.377093 
-1.466080 0.000000 22.716275 
-1.256640 0.000000 23.318477 
-1.047200 0.000000 21.507840 
-0.837758 0.000000 15.510391 
-0.628319 0.000000 6.383516 
-0.418879 0.000000 -4.073741 
-0.209440 0.000000 -13.643374 
0.000000 0.000000 -19.200945 
0.209440 0.000000 -16.916220 
0.418879 0.000000 -8.720869 
0.628319 0.000000 1.196046 
0.837758 0.000000 10.179830 
1.047200 0.000000 15.694392 
1.256640 0.000000 15.435084 
1.466080 0.000000 9.148580 
1.675520 0.000000 -1.421979 
1.884960 0.000000 -13.479189 
2.094400 0.000000 -23.946584 
2.303830 0.000000 -30.959727 
2.513270 0.000000 -31.462267 
2.722710 0.000000 -25.304704 
2.932150 0.000000 -14.778913 
3.141590 0.000000 -0.206240 
-3.141590 0.209440 -16.183625 
-2.932150 0.209440 5.782741 
-2.722710 0.209440 13.763511 
-2.513270 0.209440 18.133090 
-2.303830 0.209440 19.914334 
-2.094400 0.209440 20.268693 
-1.884960 0.209440 20.252709 
-1.675520 0.209440 20.679342 
-1.466080 0.209440 21.330785 
-1.256640 0.209440 21.257118 
-1.047200 0.209440 18.478276 
-0.837758 0.209440 12.165303 
-0.628319 0.209440 2.898050 
-0.418879 0.209440 -7.566827 
-0.209440 0.209440 -16.624165 
0.000000 0.209440 -20.265997 
0.209440 0.209440 -15.647032 
0.418879 0.209440 -6.687085 
0.628319 0.209440 3.885371 
0.837758 0.209440 13.174096 
1.047200 0.209440 18.429234 
1.256640 0.209440 17.477702 
1.466080 0.209440 10.313377 
1.675520 0.209440 -0.897686 
1.884960 0.209440 -13.078674 
2.094400 0.209440 -24.023895 
2.303830 0.209440 -31.834933 
2.513270 0.209440 -33.499063 
2.722710 0.209440 -27.994226 
2.932150 0.209440 -17.239750 
3.141590 0.209440 -1.893179 
-3.141590 0.418879 -16.996304 
-2.932150 0.418879 5.707849 
-2.722710 0.418879 13.728526 
-2.513270 0.418879 18.077281 
-2.303830 0.418879 19.945182 
-2.094400 0.418879 19.835243 
-1.884960 0.418879 19.418873 
-1.675520 0.418879 19.086076 
-1.466080 0.418879 19.292395 
-1.256640 0.418879 18.800224 
-1.047200 0.418879 15.951120 
-0.837758 0.418879 9.419319 
-0.628319 0.418879 0.023242 
-0.418879 0.418879 -10.335144 
-0.209440 0.418879 -18.245999 
0.000000 0.418879 -19.562065 
0.209440 0.418879 -13.694855 
0.418879 0.418879 -3.950737 
0.628319 0.418879 7.042416 
0.837758 0.418879 16.153091 
1.047200 0.418879 20.522094 
1.256640 0.418879 18.191807 
1.466080 0.418879 10.034705 
1.675520 0.418879 -1.375974 
1.884960 0.418879 -13.907772 
2.094400 0.418879 -25.186296 
2.303830 0.418879 -33.095021 
2.513270 0.418879 -34.936809 
2.722710 0.418879 -29.865277 
2.932150 0.418879 -18.989802 
3.141590 0.418879 -3.375771 
-3.141590 0.628319 -16.563090 
-2.932150 0.628319 6.113091 
-2.722710 0.628319 13.880416 
-2.513270 0.628319 18.265253 
-2.303830 0.628319 19.846965 
-2.094400 0.628319 19.531216 
-1.884960 0.628319 18.696396 
-1.675520 0.628319 17.440276 
-1.466080 0.628319 17.195357 
-1.256640 0.628319 16.828981 
-1.047200 0.628319 13.958598 
-0.837758 0.628319 7.319527 
-0.628319 0.628319 -2.158080 
-0.418879 0.628319 -11.948345 
-0.209440 0.628319 -18.197477 
0.000000 0.628319 -17.428665 
0.209440 0.628319 -10.561614 
0.418879 0.628319 -0.095344 
0.628319 0.628319 10.889947 
0.837758 0.628319 18.791502 
1.047200 0.628319 21.219286 
1.256640 0.628319 17.394636 
1.466080 0.628319 8.604533 
1.675520 0.628319 -2.809444 
1.884960 0.628319 -15.565368 
2.094400 0.628319 -26.711235 
2.303830 0.628319 -34.323371 
2.513270 0.628319 -35.855355 
2.722710 0.628319 -30.615708 
2.932150 0.628319 -19.326971 
3.141590 0.628319 -3.729215 
-3.141590 0.837758 -15.245230 
-2.932150 0.837758 7.129662 
-2.722710 0.837758 14.830984 
-2.513270 0.837758 18.928315 
-2.303830 0.837758 20.380346 
-2.094400 0.837758 19.837540 
-1.884960 0.837758 18.306468 
-1.675520 0.837758 16.007750 
-1.466080 0.837758 15.783033 
-1.256640 0.837758 15.648588 
-1.047200 0.837758 12.662743 
-0.837758 0.837758 6.043417 
-0.628319 0.837758 -3.184261 
-0.418879 0.837758 -11.823269 
-0.209440 0.837758 -16.106836 
0.000000 0.837758 -13.611203 
0.209440 0.837758 -5.439256 
0.418879 0.837758 4.674554 
0.628319 0.837758 14.144160 
0.837758 0.837758 19.714937 
1.047200 0.837758 20.476621 
1.256640 0.837758 15.757768 
1.466080 0.837758 6.823242 
1.675520 0.837758 -4.577176 
1.884960 0.837758 -17.693746 
2.094400 0.837758 -28.796586 
2.303830 0.837758 -35.753833 
2.513270 0.837758 -36.200460 
2.722710 0.837758 -30.070749 
2.932150 0.837758 -17.966212 
3.141590 0.837758 -2.465174 
-3.141590 1.047200 -12.763849 
-2.932150 1.047200 8.768438 
-2.722710 1.047200 16.308272 
-2.513270 1.047200 19.999701 
-2.303830 1.047200 21.453324 
-2.094400 1.047200 20.885352 
-1.884960 1.047200 18.791336 
-1.675520 1.047200 15.756134 
-1.466080 1.047200 14.561204 
-1.256640 1.047200 14.644355 
-1.047200 1.047200 11.895393 
-0.837758 1.047200 5.618514 
-0.628319 1.047200 -2.812277 
-0.418879 1.047200 -9.702695 
-0.209440 1.047200 -11.668894 
0.000000 1.047200 -7.479346 
0.209440 1.047200 0.470804 
0.418879 1.047200 8.731070 
0.628319 1.047200 15.775500 
0.837758 1.047200 19.120276 
1.047200 1.047200 19.129791 
1.256640 1.047200 14.731906 
1.466080 1.047200 5.642297 
1.675520 1.047200 -6.294497 
1.884960 1.047200 -18.807047 
2.094400 1.047200 -29.936219 
2.303830 1.047200 -36.538556 
2.513270 1.047200 -35.824166 
2.722710 1.047200 -27.884194 
2.932150 1.047200 -15.871373 
3.141590 1.047200 -0.567851 
-3.141590 1.256640 -10.577663 
-2.932150 1.256640 10.765935 
-2.722710 1.256640 17.853410 
-2.513270 1.256640 21.120335 
-2.303830 1.256640 22.174760 
-2.094400 1.256640 21.550310 
-1.884960 1.256640 19.649776 
-1.675520 1.256640 16.132746 
-1.466080 1.256640 14.402223 
-1.256640 1.256640 14.373874 
-1.047200 1.256640 12.048666 
-0.837758 1.256640 6.288069 
-0.628319 1.256640 -0.569287 
-0.418879 1.256640 -4.926922 
-0.209440 1.256640 -4.615060 
0.000000 1.256640 -0.680638 
0.209440 1.256640 5.025975 
0.418879 1.256640 10.445505 
0.628319 1.256640 15.054080 
0.837758 1.256640 17.945150 
1.047200 1.256640 17.181710 
1.256640 1.256640 12.484326 
1.466080 1.256640 4.207164 
1.675520 1.256640 -8.090777 
1.884960 1.256640 -20.305004 
2.094400 1.256640 -30.142700 
2.303830 1.256640 -35.493351 
2.513270 1.256640 -33.507153 
2.722710 1.256640 -25.889207 
2.932150 1.256640 -13.646857 
3.141590 1.256640 0.867066 
-3.141590 1.466080 -9.609174 
-2.932150 1.466080 11.233927 
-2.722710 1.466080 17.817838 
-2.513270 1.466080 20.825146 
-2.303830 1.466080 21.896039 
-2.094400 1.466080 21.768462 
-1.884960 1.466080 20.326513 
-1.675520 1.466080 17.476303 
-1.466080 1.466080 15.609364 
-1.256640 1.466080 15.464951 
-1.047200 1.466080 13.454755 
-0.837758 1.466080 8.886872 
-0.628319 1.466080 4.097451 
-0.418879 1.466080 1.623926 
-0.209440 1.466080 1.978428 
0.000000 1.466080 3.663501 
0.209440 1.466080 6.276150 
0.418879 1.466080 9.617775 
0.628319 1.466080 12.858102 
0.837758 1.466080 14.975176 
1.047200 1.466080 14.205249 
1.256640 1.466080 10.398792 
1.466080 1.466080 2.406317 
1.675520 1.466080 -8.825197 
1.884960 1.466080 -20.835777 
2.094400 1.466080 -29.833352 
2.303830 1.466080 -34.677351 
2.513270 1.466080 -32.263436 
2.722710 1.466080 -23.882225 
2.932150 1.466080 -12.329700 
3.141590 1.466080 1.323193 
-3.141590 1.675520 -8.514254 
-2.932150 1.675520 11.545012 
-2.722710 1.675520 17.881212 
-2.513270 1.675520 20.616579 
-2.303830 1.675520 21.592553 
-2.094400 1.675520 21.243619 
-1.884960 1.675520 20.776491 
-1.675520 1.675520 19.569096 
-1.466080 1.675520 18.282759 
-1.256640 1.675520 18.143249 
-1.047200 1.675520 16.528050 
-0.837758 1.675520 13.750013 
-0.628319 1.675520 10.593156 
-0.418879 1.675520 8.273684 
-0.209440 1.675520 6.239834 
0.000000 1.675520 4.989186 
0.209440 1.675520 5.308352 
0.418879 1.675520 7.130876 
0.628319 1.675520 9.409078 
0.837758 1.675520 11.403766 
1.047200 1.675520 11.529142 
1.256640 1.675520 8.518312 
1.466080 1.675520 1.581098 
1.675520 1.675520 -9.436467 
1.884960 1.675520 -20.207633 
2.094400 1.675520 -29.163240 
2.303830 1.675520 -33.842647 
2.513270 1.675520 -31.142351 
2.722710 1.675520 -22.653580 
2.932150 1.675520 -11.714108 
3.141590 1.675520 1.277837 
-3.141590 1.884960 -7.278733 
-2.932150 1.884960 12.239946 
-2.722710 1.884960 18.489725 
-2.513270 1.884960 21.148654 
-2.303830 1.884960 22.060036 
-2.094400 1.884960 21.110719 
-1.884960 1.884960 21.885563 
-1.675520 1.884960 21.730684 
-1.466080 1.884960 21.858853 
-1.256640 1.884960 22.067431 
-1.047200 1.884960 21.186103 
-0.837758 1.884960 19.132283 
-0.628319 1.884960 15.892311 
-0.418879 1.884960 12.257094 
-0.209440 1.884960 8.100858 
0.000000 1.884960 5.227529 
0.209440 1.884960 3.395937 
0.418879 1.884960 3.553163 
0.628319 1.884960 5.113204 
0.837758 1.884960 7.628816 
1.047200 1.884960 9.119825 
1.256640 1.884960 7.610548 
1.466080 1.884960 1.158227 
1.675520 1.884960 -8.577004 
1.884960 1.884960 -19.132937 
2.094400 1.884960 -28.553734 
2.303830 1.884960 -32.884800 
2.513270 1.884960 -30.356396 
2.722710 1.884960 -21.676799 
2.932150 1.884960 -11.151630 
3.141590 1.884960 1.286335 
-3.141590 2.094400 -4.847294 
-2.932150 2.094400 13.978068 
-2.722710 2.094400 19.957265 
-2.513270 2.094400 22.738372 
-2.303830 2.094400 22.972685 
-2.094400 2.094400 22.876010 
-1.884960 2.094400 22.957018 
-1.675520 2.094400 23.588205 
-1.466080 2.094400 25.021435 
-1.256640 2.094400 25.648511 
-1.047200 2.094400 25.330281 
-0.837758 2.094400 23.359348 
-0.628319 2.094400 19.628051 
-0.418879 2.094400 14.865927 
-0.209440 2.094400 9.275302 
0.000000 2.094400 4.405101 
0.209440 2.094400 0.788620 
0.418879 2.094400 -0.295577 
0.628319 2.094400 1.092479 
0.837758 2.094400 4.498097 
1.047200 2.094400 8.029482 
1.256640 2.094400 8.022639 
1.466080 2.094400 2.512259 
1.675520 2.094400 -6.626851 
1.884960 2.094400 -17.014500 
2.094400 2.094400 -26.092808 
2.303830 2.094400 -31.183653 
2.513270 2.094400 -28.792689 
2.722710 2.094400 -20.276154 
2.932150 2.094400 -9.257238 
3.141590 2.094400 3.013452 
-3.141590 2.303830 -1.814976 
-2.932150 2.303830 17.022500 
-2.722710 2.303830 22.565950 
-2.513270 2.303830 25.285816 
-2.303830 2.303830 25.788935 
-2.094400 2.303830 25.312397 
-1.884960 2.303830 24.940814 
-1.675520 2.303830 25.591319 
-1.466080 2.303830 27.046570 
-1.256640 2.303830 28.225986 
-1.047200 2.303830 28.406010 
-0.837758 2.303830 25.982035 
-0.628319 2.303830 21.776018 
-0.418879 2.303830 15.572045 
-0.209440 2.303830 8.875058 
0.000000 2.303830 2.100573 
0.209440 2.303830 -3.127709 
0.418879 2.303830 -4.533535 
0.628319 2.303830 -1.900337 
0.837758 2.303830 3.696177 
1.047200 2.303830 9.147134 
1.256640 2.303830 9.956053 
1.466080 2.303830 5.306266 
1.675520 2.303830 -3.829270 
1.884960 2.303830 -14.402225 
2.094400 2.303830 -23.437095 
2.303830 2.303830 -27.797948 
2.513270 2.303830 -25.405524 
2.722710 2.303830 -17.428458 
2.932150 2.303830 -6.405088 
3.141590 2.303830 5.375535 
-3.141590 2.513270 1.635857 
-2.932150 2.513270 20.405566 
-2.722710 2.513270 25.897071 
-2.513270 2.513270 28.493036 
-2.303830 2.513270 28.714565 
-2.094400 2.513270 27.931902 
-1.884960 2.513270 27.304464 
-1.675520 2.513270 27.742153 
-1.466080 2.513270 29.176347 
-1.256640 2.513270 30.129085 
-1.047200 2.513270 30.328689 
-0.837758 2.513270 28.142545 
-0.628319 2.513270 22.520482 
-0.418879 2.513270 15.284987 
-0.209440 2.513270 6.924702 
0.000000 2.513270 -1.298536 
0.209440 2.513270 -7.741498 
0.418879 2.513270 -8.892599 
0.628319 2.513270 -3.244671 
0.837758 2.513270 5.344826 
1.047200 2.513270 12.248482 
1.256640 2.513270 12.999155 
1.466080 2.513270 8.677800 
1.675520 2.513270 -0.660931 
1.884960 2.513270 -11.491189 
2.094400 2.513270 -20.845068 
2.303830 2.513270 -25.197644 
2.513270 2.513270 -22.817930 
2.722710 2.513270 -14.592805 
2.932150 2.513270 -3.740404 
3.141590 2.513270 8.924100 
-3.141590 2.722710 3.523838 
-2.932150 2.722710 22.605159 
-2.722710 2.722710 28.446935 
-2.513270 2.722710 30.767570 
-2.303830 2.722710 30.623493 
-2.094400 2.722710 29.565401 
-1.884960 2.722710 28.875678 
-1.675520 2.722710 28.999544 
-1.466080 2.722710 30.203492 
-1.256640 2.722710 31.390149 
-1.047200 2.722710 31.178378 
-0.837758 2.722710 28.192527 
-0.628319 2.722710 22.135503 
-0.418879 2.722710 13.477944 
-0.209440 2.722710 3.067333 
0.000000 2.722710 -6.994852 
0.209440 2.722710 -13.728324 
0.418879 2.722710 -11.725578 
0.628319 2.722710 -2.666423 
0.837758 2.722710 8.034368 
1.047200 2.722710 14.698505 
1.256640 2.722710 15.592472 
1.466080 2.722710 10.004637 
1.675520 2.722710 0.051352 
1.884960 2.722710 -10.719412 
2.094400 2.722710 -19.894546 
2.303830 2.722710 -23.818380 
2.513270 2.722710 -21.345685 
2.722710 2.722710 -12.858437 
2.932150 2.722710 -1.721198 
3.141590 2.722710 11.289604 
-3.141590 2.932150 2.501382 
-2.932150 2.932150 21.649570 
-2.722710 2.932150 27.679203 
-2.513270 2.932150 29.673411 
-2.303830 2.932150 29.614095 
-2.094400 2.932150 28.510079 
-1.884960 2.932150 27.812490 
-1.675520 2.932150 27.647676 
-1.466080 2.932150 28.797045 
-1.256640 2.932150 30.050290 
-1.047200 2.932150 29.601272 
-0.837758 2.932150 25.697683 
-0.628319 2.932150 18.406209 
-0.418879 2.932150 8.201395 
-0.209440 2.932150 -3.123790 
0.000000 2.932150 -14.524674 
0.209440 2.932150 -19.510027 
0.418879 2.932150 -12.829609 
0.628319 2.932150 -1.616803 
0.837758 2.932150 8.937571 
1.047200 2.932150 14.900049 
1.256640 2.932150 14.624165 
1.466080 2.932150 8.520000 
1.675520 2.932150 -1.652180 
1.884960 2.932150 -13.301785 
2.094400 2.932150 -22.740206 
2.303830 2.932150 -26.673882 
2.513270 2.932150 -23.217102 
2.722710 2.932150 -14.324430 
2.932150 2.932150 -2.775071 
3.141590 2.932150 10.526599 
-3.141590 3.141590 -2.501249 
-2.932150 3.141590 16.942121 
-2.722710 3.141590 22.133099 
-2.513270 3.141590 23.883636 
-2.303830 3.141590 24.011172 
-2.094400 3.141590 22.750976 
-1.884960 3.141590 21.661439 
-1.675520 3.141590 21.389748 
-1.466080 3.141590 22.252468 
-1.256640 3.141590 22.384254 
-1.047200 3.141590 20.445037 
-0.837758 3.141590 15.276192 
-0.628319 3.141590 6.308310 
-0.418879 3.141590 -5.174692 
-0.209440 3.141590 -17.070378 
0.000000 3.141590 -26.363623 
0.209440 3.141590 -25.383718 
0.418879 3.141590 -14.940321 
0.628319 3.141590 -3.082670 
0.837758 3.141590 6.585118 
1.047200 3.141590 11.570196 
1.256640 3.141590 10.431859 
1.466080 3.141590 3.360501 
1.675520 3.141590 -6.866624 
1.884960 3.141590 -18.383490 
2.094400 3.141590 -28.108929 
2.303830 3.141590 -32.337815 
2.513270 3.141590 -29.177353 
2.722710 3.141590 -20.103671 
2.932150 3.141590 -8.382481 
3.141590 3.141590 5.204280 
