-3.141590 -3.141590 -7.812508 
-2.932150 -3.141590 -19.640189 
-2.722710 -3.141590 -24.478230 
-2.513270 -3.141590 -26.407720 
-2.303830 -3.141590 -26.688772 
-2.094400 -3.141590 -25.162705 
-1.884960 -3.141590 -23.739818 
-1.675520 -3.141590 -23.415930 
-1.466080 -3.141590 -24.285334 
-1.256640 -3.141590 -24.152227 
-1.047200 -3.141590 -21.774356 
-0.837758 -3.141590 -15.558547 
-0.628319 -3.141590 -5.800600 
-0.418879 -3.141590 5.936660 
-0.209440 -3.141590 17.430175 
0.000000 -3.141590 25.909713 
0.209440 -3.141590 23.782062 
0.418879 -3.141590 12.149145 
0.628319 -3.141590 -0.386464 
0.837758 -3.141590 -10.175258 
1.047200 -3.141590 -14.604627 
1.256640 -3.141590 -12.348474 
1.466080 -3.141590 -4.498663 
1.675520 -3.141590 6.193567 
1.884960 -3.141590 17.871409 
2.094400 -3.141590 27.582022 
2.303830 -3.141590 32.762886 
2.513270 -3.141590 30.866880 
2.722710 -3.141590 22.291960 
2.932150 -3.141590 10.868509 
3.141590 -3.141590 -0.917635 
-3.141590 -2.932150 -4.296571 
-2.932150 -2.932150 -16.114875 
-2.722710 -2.932150 -22.204482 
-2.513270 -2.932150 -24.778902 
-2.303830 -2.932150 -24.624086 
-2.094400 -2.932150 -23.323047 
-1.884960 -2.932150 -22.075380 
-1.675520 -2.932150 -21.574457 
-1.466080 -2.932150 -21.648495 
-1.256640 -2.932150 -21.177351 
-1.047200 -2.932150 -17.382032 
-0.837758 -2.932150 -9.481060 
-0.628319 -2.932150 2.319511 
-0.418879 -2.932150 16.147250 
-0.209440 -2.932150 27.762988 
0.000000 -2.932150 32.626398 
0.209440 -2.932150 24.697499 
0.418879 -2.932150 12.177825 
0.628319 -2.932150 -0.203573 
0.837758 -2.932150 -9.489187 
1.047200 -2.932150 -12.939491 
1.256640 -2.932150 -10.112333 
1.466080 -2.932150 -1.525448 
1.675520 -2.932150 10.126778 
1.884960 -2.932150 22.392222 
2.094400 -2.932150 32.326525 
2.303830 -2.932150 37.458992 
2.513270 -2.932150 35.541385 
2.722710 -2.932150 27.170812 
2.932150 -2.932150 15.460798 
3.141590 -2.932150 3.378262 
-3.141590 -2.722710 0.796201 
-2.932150 -2.722710 -10.183457 
-2.722710 -2.722710 -16.418424 
-2.513270 -2.722710 -18.901918 
-2.303830 -2.722710 -18.841790 
-2.094400 -2.722710 -17.449085 
-1.884960 -2.722710 -16.480236 
-1.675520 -2.722710 -15.887743 
-1.466080 -2.722710 -15.773344 
-1.256640 -2.722710 -14.190624 
-1.047200 -2.722710 -9.534431 
-0.837758 -2.722710 -0.282317 
-0.628319 -2.722710 12.168281 
-0.418879 -2.722710 25.139610 
-0.209440 -2.722710 33.987237 
0.000000 -2.722710 32.777718 
0.209440 -2.722710 23.371190 
0.418879 -2.722710 11.071608 
0.628319 -2.722710 -0.344291 
0.837758 -2.722710 -8.258859 
1.047200 -2.722710 -10.642004 
1.256640 -2.722710 -6.881566 
1.466080 -2.722710 2.038762 
1.675520 -2.722710 13.478525 
1.884960 -2.722710 25.775581 
2.094400 -2.722710 36.164531 
2.303830 -2.722710 41.776505 
2.513270 -2.722710 40.301805 
2.722710 -2.722710 32.672471 
2.932150 -2.722710 21.348713 
3.141590 -2.722710 9.014474 
-3.141590 -2.513270 5.105205 
-2.932150 -2.513270 -4.478644 
-2.722710 -2.513270 -11.035432 
-2.513270 -2.513270 -13.872843 
-2.303830 -2.513270 -14.056557 
-2.094400 -2.513270 -13.016562 
-1.884960 -2.513270 -12.054677 
-1.675520 -2.513270 -11.711724 
-1.466080 -2.513270 -10.974532 
-1.256640 -2.513270 -8.747512 
-1.047200 -2.513270 -3.100111 
-0.837758 -2.513270 6.296193 
-0.628319 -2.513270 18.266841 
-0.418879 -2.513270 29.346832 
-0.209440 -2.513270 34.057223 
0.000000 -2.513270 29.851353 
0.209440 -2.513270 20.466208 
0.418879 -2.513270 9.481849 
0.628319 -2.513270 -0.532196 
0.837758 -2.513270 -7.156502 
1.047200 -2.513270 -8.488710 
1.256640 -2.513270 -4.331454 
1.466080 -2.513270 4.619538 
1.675520 -2.513270 16.003352 
1.884960 -2.513270 28.046308 
2.094400 -2.513270 38.936439 
2.303830 -2.513270 45.080876 
2.513270 -2.513270 44.402033 
2.722710 -2.513270 37.443891 
2.932150 -2.513270 26.569407 
3.141590 -2.513270 14.132876 
-3.141590 -2.303830 8.753771 
-2.932150 -2.303830 0.050266 
-2.722710 -2.303830 -6.920881 
-2.513270 -2.303830 -10.263575 
-2.303830 -2.303830 -10.675292 
-2.094400 -2.303830 -9.614425 
-1.884960 -2.303830 -8.671778 
-1.675520 -2.303830 -7.983617 
-1.466080 -2.303830 -7.275626 
-1.256640 -2.303830 -4.828594 
-1.047200 -2.303830 0.977038 
-0.837758 -2.303830 9.772949 
-0.628319 -2.303830 20.062887 
-0.418879 -2.303830 27.999643 
-0.209440 -2.303830 29.347394 
0.000000 -2.303830 24.956852 
0.209440 -2.303830 16.903133 
0.418879 -2.303830 7.699774 
0.628319 -2.303830 -0.629498 
0.837758 -2.303830 -5.962325 
1.047200 -2.303830 -6.763921 
1.256640 -2.303830 -2.355773 
1.466080 -2.303830 6.376158 
1.675520 -2.303830 17.749006 
1.884960 -2.303830 29.813799 
2.094400 -2.303830 40.452937 
2.303830 -2.303830 47.007684 
2.513270 -2.303830 47.058296 
2.722710 -2.303830 40.747531 
2.932150 -2.303830 30.332152 
3.141590 -2.303830 18.418270 
-3.141590 -2.094400 10.920497 
-2.932150 -2.094400 2.863242 
-2.722710 -2.094400 -3.851669 
-2.513270 -2.094400 -7.418335 
-2.303830 -2.094400 -8.111687 
-2.094400 -2.094400 -7.347564 
-1.884960 -2.094400 -6.623800 
-1.675520 -2.094400 -5.908341 
-1.466080 -2.094400 -5.133465 
-1.256640 -2.094400 -2.975030 
-1.047200 -2.094400 2.000529 
-0.837758 -2.094400 9.474053 
-0.628319 -2.094400 17.437176 
-0.418879 -2.094400 22.621253 
-0.209440 -2.094400 23.266609 
0.000000 -2.094400 19.593949 
0.209440 -2.094400 13.087593 
0.418879 -2.094400 5.884975 
0.628319 -2.094400 -0.547907 
0.837758 -2.094400 -4.810381 
1.047200 -2.094400 -5.260711 
1.256640 -2.094400 -0.947571 
1.466080 -2.094400 7.611921 
1.675520 -2.094400 18.623945 
1.884960 -2.094400 30.813924 
2.094400 -2.094400 41.437220 
2.303830 -2.094400 48.109485 
2.513270 -2.094400 48.293448 
2.722710 -2.094400 42.303958 
2.932150 -2.094400 32.457544 
3.141590 -2.094400 20.982769 
-3.141590 -1.884960 12.082419 
-2.932150 -1.884960 3.932647 
-2.722710 -1.884960 -2.553609 
-2.513270 -1.884960 -6.102962 
-2.303830 -1.884960 -7.037694 
-2.094400 -1.884960 -6.471635 
-1.884960 -1.884960 -5.730523 
-1.675520 -1.884960 -5.274749 
-1.466080 -1.884960 -4.740402 
-1.256640 -1.884960 -3.117122 
-1.047200 -1.884960 0.887176 
-0.837758 -1.884960 6.604551 
-0.628319 -1.884960 12.173391 
-0.418879 -1.884960 16.179692 
-0.209440 -1.884960 16.903306 
0.000000 -1.884960 14.350595 
0.209440 -1.884960 9.900732 
0.418879 -1.884960 4.528846 
0.628319 -1.884960 -0.658944 
0.837758 -1.884960 -4.016903 
1.047200 -1.884960 -4.504242 
1.256640 -1.884960 -0.520188 
1.466080 -1.884960 7.833232 
1.675520 -1.884960 18.760291 
1.884960 -1.884960 30.870833 
2.094400 -1.884960 41.661952 
2.303830 -1.884960 48.207060 
2.513270 -1.884960 48.347721 
2.722710 -1.884960 42.638835 
2.932150 -1.884960 32.759351 
3.141590 -1.884960 21.845600 
-3.141590 -1.675520 11.693501 
-2.932150 -1.675520 3.109001 
-2.722710 -1.675520 -3.115417 
-2.513270 -1.675520 -6.397732 
-2.303830 -1.675520 -7.342885 
-2.094400 -1.675520 -6.666583 
-1.884960 -1.675520 -6.047937 
-1.675520 -1.675520 -5.845717 
-1.466080 -1.675520 -5.690887 
-1.256640 -1.675520 -4.578573 
-1.047200 -1.675520 -2.233439 
-0.837758 -1.675520 1.601233 
-0.628319 -1.675520 6.014126 
-0.418879 -1.675520 9.483687 
-0.209440 -1.675520 10.664579 
0.000000 -1.675520 9.761129 
0.209440 -1.675520 7.122813 
0.418879 -1.675520 3.502224 
0.628319 -1.675520 -0.229053 
0.837758 -1.675520 -3.207359 
1.047200 -1.675520 -3.799502 
1.256640 -1.675520 -0.589196 
1.466080 -1.675520 7.012593 
1.675520 -1.675520 18.062424 
1.884960 -1.675520 30.367692 
2.094400 -1.675520 40.967890 
2.303830 -1.675520 47.447721 
2.513270 -1.675520 47.329248 
2.722710 -1.675520 41.668526 
2.932150 -1.675520 31.808810 
3.141590 -1.675520 21.055568 
-3.141590 -1.466080 9.759511 
-2.932150 -1.466080 0.814262 
-2.722710 -1.466080 -5.317638 
-2.513270 -1.466080 -8.422888 
-2.303830 -1.466080 -9.215578 
-2.094400 -1.466080 -8.377500 
-1.884960 -1.466080 -7.784396 
-1.675520 -1.466080 -7.712105 
-1.466080 -1.466080 -7.946618 
-1.256640 -1.466080 -7.375892 
-1.047200 -1.466080 -6.421759 
-0.837758 -1.466080 -3.665908 
-0.628319 -1.466080 -0.147772 
-0.418879 -1.466080 2.716264 
-0.209440 -1.466080 4.577232 
0.000000 -1.466080 5.600847 
0.209440 -1.466080 5.149683 
0.418879 -1.466080 3.671024 
0.628319 -1.466080 1.350447 
0.837758 -1.466080 -1.624452 
1.047200 -1.466080 -3.486915 
1.256640 -1.466080 -1.608854 
1.466080 -1.466080 5.589642 
1.675520 -1.466080 16.662279 
1.884960 -1.466080 29.006948 
2.094400 -1.466080 39.079053 
2.303830 -1.466080 45.542140 
2.513270 -1.466080 44.831512 
2.722710 -1.466080 38.700971 
2.932150 -1.466080 29.111807 
3.141590 -1.466080 18.545903 
-3.141590 -1.256640 6.565429 
-2.932150 -1.256640 -2.862503 
-2.722710 -1.256640 -8.993663 
-2.513270 -1.256640 -11.856415 
-2.303830 -1.256640 -12.206159 
-2.094400 -1.256640 -11.305960 
-1.884960 -1.256640 -10.837485 
-1.675520 -1.256640 -11.122421 
-1.466080 -1.256640 -11.865294 
-1.256640 -1.256640 -12.124322 
-1.047200 -1.256640 -11.898452 
-0.837758 -1.256640 -10.033994 
-0.628319 -1.256640 -7.021668 
-0.418879 -1.256640 -3.805842 
-0.209440 -1.256640 -0.418763 
0.000000 -1.256640 2.521673 
0.209440 -1.256640 4.973606 
0.418879 -1.256640 5.816513 
0.628319 -1.256640 3.733950 
0.837758 -1.256640 -0.442767 
1.047200 -1.256640 -3.731576 
1.256640 -1.256640 -2.930317 
1.466080 -1.256640 3.535844 
1.675520 -1.256640 14.998199 
1.884960 -1.256640 26.856969 
2.094400 -1.256640 36.581678 
2.303830 -1.256640 42.605495 
2.513270 -1.256640 41.311826 
2.722710 -1.256640 34.796978 
2.932150 -1.256640 25.173045 
3.141590 -1.256640 14.788384 
-3.141590 -1.047200 2.708492 
-2.932150 -1.047200 -7.148663 
-2.722710 -1.047200 -12.826306 
-2.513270 -1.047200 -15.478450 
-2.303830 -1.047200 -15.816844 
-2.094400 -1.047200 -14.939589 
-1.884960 -1.047200 -14.762409 
-1.675520 -1.047200 -15.082565 
-1.466080 -1.047200 -16.368249 
-1.256640 -1.047200 -17.699394 
-1.047200 -1.047200 -18.124376 
-0.837758 -1.047200 -16.740194 
-0.628319 -1.047200 -13.788276 
-0.418879 -1.047200 -9.332339 
-0.209440 -1.047200 -3.400713 
0.000000 -1.047200 2.515320 
0.209440 -1.047200 7.194471 
0.418879 -1.047200 8.756336 
0.628319 -1.047200 5.378228 
0.837758 -1.047200 -0.540686 
1.047200 -1.047200 -4.851515 
1.256640 -1.047200 -4.654721 
1.466080 -1.047200 1.508263 
1.675520 -1.047200 12.748088 
1.884960 -1.047200 24.756753 
2.094400 -1.047200 33.748984 
2.303830 -1.047200 38.863546 
2.513270 -1.047200 37.531967 
2.722710 -1.047200 30.507369 
2.932150 -1.047200 20.651084 
3.141590 -1.047200 10.250731 
-3.141590 -0.837758 -1.355593 
-2.932150 -0.837758 -10.928288 
-2.722710 -0.837758 -16.397713 
-2.513270 -0.837758 -18.656185 
-2.303830 -0.837758 -19.112805 
-2.094400 -0.837758 -18.234544 
-1.884960 -0.837758 -18.596352 
-1.675520 -0.837758 -19.463992 
-1.466080 -0.837758 -21.116030 
-1.256640 -0.837758 -22.569729 
-1.047200 -0.837758 -23.640385 
-0.837758 -0.837758 -22.108279 
-0.628319 -0.837758 -17.619695 
-0.418879 -0.837758 -11.277597 
-0.209440 -0.837758 -2.907345 
0.000000 -0.837758 5.376339 
0.209440 -0.837758 10.714019 
0.418879 -0.837758 10.452184 
0.628319 -0.837758 5.101350 
0.837758 -0.837758 -1.849114 
1.047200 -0.837758 -6.607816 
1.256640 -0.837758 -6.494383 
1.466080 -0.837758 -0.138811 
1.675520 -0.837758 10.718043 
1.884960 -0.837758 22.199544 
2.094400 -0.837758 31.201315 
2.303830 -0.837758 35.427763 
2.513270 -0.837758 33.937691 
2.722710 -0.837758 26.561372 
2.932150 -0.837758 16.617127 
3.141590 -0.837758 6.342613 
-3.141590 -0.628319 -4.180993 
-2.932150 -0.628319 -13.290790 
-2.722710 -0.628319 -18.851526 
-2.513270 -0.628319 -21.236370 
-2.303830 -0.628319 -21.739390 
-2.094400 -0.628319 -21.530353 
-1.884960 -0.628319 -21.563570 
-1.675520 -0.628319 -22.688967 
-1.466080 -0.628319 -24.705493 
-1.256640 -0.628319 -26.548702 
-1.047200 -0.628319 -26.989546 
-0.837758 -0.628319 -24.740120 
-0.628319 -0.628319 -19.103445 
-0.418879 -0.628319 -10.194805 
-0.209440 -0.628319 0.337279 
0.000000 -0.628319 9.036490 
0.209440 -0.628319 13.158036 
0.418879 -0.628319 10.793645 
0.628319 -0.628319 3.981720 
0.837758 -0.628319 -3.653085 
1.047200 -0.628319 -8.635365 
1.256640 -0.628319 -8.540634 
1.466080 -0.628319 -2.126019 
1.675520 -0.628319 8.560844 
1.884960 -0.628319 19.989689 
2.094400 -0.628319 29.227078 
2.303830 -0.628319 33.568286 
2.513270 -0.628319 31.893512 
2.722710 -0.628319 24.240896 
2.932150 -0.628319 14.139377 
3.141590 -0.628319 3.703469 
-3.141590 -0.418879 -5.622995 
-2.932150 -0.418879 -13.901784 
-2.722710 -0.418879 -19.783440 
-2.513270 -0.418879 -22.494885 
-2.303830 -0.418879 -23.383675 
-2.094400 -0.418879 -23.497996 
-1.884960 -0.418879 -23.987408 
-1.675520 -0.418879 -24.907140 
-1.466080 -0.418879 -26.528708 
-1.256640 -0.418879 -28.455925 
-1.047200 -0.418879 -28.306564 
-0.837758 -0.418879 -24.798403 
-0.628319 -0.418879 -16.961425 
-0.418879 -0.418879 -6.423377 
-0.209440 -0.418879 4.422087 
0.000000 -0.418879 12.275663 
0.209440 -0.418879 14.537783 
0.418879 -0.418879 10.177047 
0.628319 -0.418879 2.218259 
0.837758 -0.418879 -5.940532 
1.047200 -0.418879 -11.034701 
1.256640 -0.418879 -10.715089 
1.466080 -0.418879 -4.143788 
1.675520 -0.418879 6.374139 
1.884960 -0.418879 17.731290 
2.094400 -0.418879 27.546415 
2.303830 -0.418879 32.308626 
2.513270 -0.418879 30.994858 
2.722710 -0.418879 23.583955 
2.932150 -0.418879 13.551312 
3.141590 -0.418879 2.948830 
-3.141590 -0.209440 -5.715941 
-2.932150 -0.209440 -13.888672 
-2.722710 -0.209440 -20.387784 
-2.513270 -0.209440 -23.531194 
-2.303830 -0.209440 -24.713511 
-2.094400 -0.209440 -24.913979 
-1.884960 -0.209440 -25.182589 
-1.675520 -0.209440 -26.048428 
-1.466080 -0.209440 -27.575739 
-1.256640 -0.209440 -28.750548 
-1.047200 -0.209440 -27.714532 
-0.837758 -0.209440 -22.428161 
-0.628319 -0.209440 -13.342084 
-0.418879 -0.209440 -2.513961 
-0.209440 -0.209440 7.826177 
0.000000 -0.209440 14.712638 
0.209440 -0.209440 15.096515 
0.418879 -0.209440 8.869813 
0.628319 -0.209440 -0.080554 
0.837758 -0.209440 -8.488151 
1.047200 -0.209440 -13.664612 
1.256640 -0.209440 -13.241606 
1.466080 -0.209440 -6.730238 
1.675520 -0.209440 3.708538 
1.884960 -0.209440 15.570228 
2.094400 -0.209440 25.807693 
2.303830 -0.209440 31.929678 
2.513270 -0.209440 31.565981 
2.722710 -0.209440 25.046515 
2.932150 -0.209440 14.917223 
3.141590 -0.209440 3.733071 
-3.141590 0.000000 -4.862158 
-2.932150 0.000000 -13.506928 
-2.722710 0.000000 -20.601687 
-2.513270 0.000000 -24.437169 
-2.303830 0.000000 -25.648202 
-2.094400 0.000000 -25.937814 
-1.884960 0.000000 -25.952190 
-1.675520 0.000000 -26.547076 
-1.466080 0.000000 -27.545142 
-1.256640 0.000000 -27.809699 
-1.047200 0.000000 -25.663766 
-0.837758 0.000000 -19.332509 
-0.628319 0.000000 -9.872676 
-0.418879 0.000000 0.917160 
-0.209440 0.000000 10.819348 
0.000000 0.000000 16.709724 
0.209440 0.000000 14.758296 
0.418879 0.000000 6.897002 
0.628319 0.000000 -2.684752 
0.837758 0.000000 -11.331748 
1.047200 0.000000 -16.507179 
1.256640 0.000000 -15.905425 
1.466080 0.000000 -9.271832 
1.675520 0.000000 1.652278 
1.884960 0.000000 14.072037 
2.094400 0.000000 24.914616 
2.303830 0.000000 32.320957 
2.513270 0.000000 33.242992 
2.722710 0.000000 27.544485 
2.932150 0.000000 17.539355 
3.141590 0.000000 5.544785 
-3.141590 0.209440 -3.988079 
-2.932150 0.209440 -13.320558 
-2.722710 0.209440 -20.921550 
-2.513270 0.209440 -24.924969 
-2.303830 0.209440 -26.351101 
-2.094400 0.209440 -26.359237 
-1.884960 0.209440 -26.003830 
-1.675520 0.209440 -26.095927 
-1.466080 0.209440 -26.416056 
-1.256640 0.209440 -26.012928 
-1.047200 0.209440 -22.905452 
-0.837758 0.209440 -16.263900 
-0.628319 0.209440 -6.667640 
-0.418879 0.209440 4.126956 
-0.209440 0.209440 13.514832 
0.000000 0.209440 17.488038 
0.209440 0.209440 13.201283 
0.418879 0.209440 4.574414 
0.628319 0.209440 -5.663928 
0.837758 0.209440 -14.617115 
1.047200 0.209440 -19.534642 
1.256640 0.209440 -18.242475 
1.466080 0.209440 -10.733137 
1.675520 0.209440 0.829226 
1.884960 0.209440 13.370445 
2.094400 0.209440 24.688563 
2.303830 0.209440 32.890531 
2.513270 0.209440 34.971651 
2.722710 0.209440 29.922631 
2.932150 0.209440 19.685819 
3.141590 0.209440 7.050334 
-3.141590 0.418879 -3.183859 
-2.932150 0.418879 -13.346842 
-2.722710 0.418879 -21.031109 
-2.513270 0.418879 -25.043178 
-2.303830 0.418879 -26.578373 
-2.094400 0.418879 -26.140508 
-1.884960 0.418879 -25.400180 
-1.675520 0.418879 -24.746033 
-1.466080 0.418879 -24.632188 
-1.256640 0.418879 -23.819793 
-1.047200 0.418879 -20.649469 
-0.837758 0.418879 -13.794822 
-0.628319 0.418879 -4.073965 
-0.418879 0.418879 6.611162 
-0.209440 0.418879 14.850524 
0.000000 0.418879 16.496548 
0.209440 0.418879 10.960405 
0.418879 0.418879 1.548212 
0.628319 0.418879 -9.112245 
0.837758 0.418879 -17.889251 
1.047200 0.418879 -21.923108 
1.256640 0.418879 -19.255357 
1.466080 0.418879 -10.757215 
1.675520 0.418879 0.999847 
1.884960 0.418879 13.885823 
2.094400 0.418879 25.529574 
2.303830 0.418879 33.818963 
2.513270 0.418879 36.062460 
2.722710 0.418879 31.420517 
2.932150 0.418879 21.009940 
3.141590 0.418879 8.049247 
-3.141590 0.628319 -3.316503 
-2.932150 0.628319 -13.862624 
-2.722710 0.628319 -21.327777 
-2.513270 0.628319 -25.401139 
-2.303830 0.628319 -26.671777 
-2.094400 0.628319 -26.047225 
-1.884960 0.628319 -24.905275 
-1.675520 0.628319 -23.342400 
-1.466080 0.628319 -22.789690 
-1.256640 0.628319 -22.113281 
-1.047200 0.628319 -18.929721 
-0.837758 0.628319 -11.973838 
-0.628319 0.628319 -2.175712 
-0.418879 0.628319 7.938499 
-0.209440 0.628319 14.514427 
0.000000 0.628319 14.074491 
0.209440 0.628319 7.537626 
0.418879 0.628319 -2.597803 
0.628319 0.628319 -13.251999 
0.837758 0.628319 -20.822248 
1.047200 0.628319 -22.918198 
1.256640 0.628319 -18.760512 
1.466080 0.628319 -9.635121 
1.675520 0.628319 2.117908 
1.884960 0.628319 15.218656 
2.094400 0.628319 26.717734 
2.303830 0.628319 34.694645 
2.513270 0.628319 36.606266 
2.722710 0.628319 31.762521 
2.932150 0.628319 20.877728 
3.141590 0.628319 7.791416 
-3.141590 0.837758 -4.326583 
-2.932150 0.837758 -15.036340 
-2.722710 0.837758 -22.432394 
-2.513270 0.837758 -26.233747 
-2.303830 0.837758 -27.394491 
-2.094400 0.837758 -26.562594 
-1.884960 0.837758 -24.742543 
-1.675520 0.837758 -22.153058 
-1.466080 0.837758 -21.634144 
-1.256640 0.837758 -21.200725 
-1.047200 0.837758 -17.910242 
-0.837758 0.837758 -10.980235 
-0.628319 0.837758 -1.436010 
-0.418879 0.837758 7.524747 
-0.209440 0.837758 12.134145 
0.000000 0.837758 9.967087 
0.209440 0.837758 2.125087 
0.418879 0.837758 -7.658576 
0.628319 0.837758 -16.798628 
0.837758 0.837758 -22.040775 
1.047200 0.837758 -22.474620 
1.256640 0.837758 -17.428242 
1.466080 0.837758 -8.165672 
1.675520 0.837758 3.564454 
1.884960 0.837758 17.013913 
2.094400 0.837758 28.454778 
2.303830 0.837758 35.757636 
2.513270 0.837758 36.560436 
2.722710 0.837758 30.801193 
2.932150 0.837758 19.089271 
3.141590 0.837758 6.015784 
-3.141590 1.047200 -6.181864 
-2.932150 1.047200 -16.806796 
-2.722710 1.047200 -24.054399 
-2.513270 1.047200 -27.469953 
-2.303830 1.047200 -28.654574 
-2.094400 1.047200 -27.819329 
-1.884960 1.047200 -25.456385 
-1.675520 1.047200 -22.148075 
-1.466080 1.047200 -20.673844 
-1.256640 1.047200 -20.469970 
-1.047200 1.047200 -17.425289 
-0.837758 1.047200 -10.843689 
-0.628319 1.047200 -2.099642 
-0.418879 1.047200 5.111424 
-0.209440 1.047200 7.403851 
0.000000 1.047200 3.543942 
0.209440 1.047200 -4.075339 
0.418879 1.047200 -12.005365 
0.628319 1.047200 -18.721458 
0.837758 1.047200 -21.740399 
1.047200 1.047200 -21.426588 
1.256640 1.047200 -16.707510 
1.466080 1.047200 -7.298240 
1.675520 1.047200 4.957422 
1.884960 1.047200 17.788977 
2.094400 1.047200 29.238538 
2.303830 1.047200 36.164388 
2.513270 1.047200 35.778970 
2.722710 1.047200 28.176188 
2.932150 1.047200 16.510567 
3.141590 1.047200 3.406800 
-3.141590 1.256640 -7.801800 
-2.932150 1.256640 -18.898485 
-2.722710 1.256640 -25.727841 
-2.513270 1.256640 -28.748498 
-2.303830 1.256640 -29.561361 
-2.094400 1.256640 -28.694836 
-1.884960 1.256640 -26.547973 
-1.675520 1.256640 -22.777498 
-1.466080 1.256640 -20.784095 
-1.256640 1.256640 -20.481627 
-1.047200 1.256640 -17.869915 
-0.837758 1.256640 -11.810131 
-0.628319 1.256640 -4.641618 
-0.418879 1.256640 0.037352 
-0.209440 1.256640 0.054269 
0.000000 1.256640 -3.547256 
0.209440 1.256640 -8.920226 
0.418879 1.256640 -14.008156 
0.628319 1.256640 -18.289030 
0.837758 1.256640 -20.857053 
1.047200 1.256640 -19.775172 
1.256640 1.256640 -14.763522 
1.466080 1.256640 -6.175817 
1.675520 1.256640 6.429225 
1.884960 1.256640 18.947333 
2.094400 1.256640 29.086052 
2.303830 1.256640 34.735780 
2.513270 1.256640 33.048630 
2.722710 1.256640 25.732792 
2.932150 1.256640 13.796924 
3.141590 1.256640 1.343064 
-3.141590 1.466080 -8.355577 
-2.932150 1.466080 -19.443213 
-2.722710 1.466080 -25.808693 
-2.513270 1.466080 -28.606462 
-2.303830 1.466080 -29.468453 
-2.094400 1.466080 -29.127743 
-1.884960 1.466080 -27.464944 
-1.675520 1.466080 -24.383275 
-1.466080 1.466080 -22.271677 
-1.256640 1.466080 -21.867206 
-1.047200 1.466080 -19.580022 
-0.837758 1.466080 -14.717760 
-0.628319 1.466080 -9.617501 
-0.418879 1.466080 -6.819217 
-0.209440 1.466080 -6.839066 
0.000000 1.466080 -8.184620 
0.209440 1.466080 -10.458036 
0.418879 1.466080 -13.464888 
0.628319 1.466080 -16.377379 
0.837758 1.466080 -18.174231 
1.047200 1.466080 -17.091178 
1.256640 1.466080 -12.977820 
1.466080 1.466080 -4.684216 
1.675520 1.466080 6.842436 
1.884960 1.466080 19.141397 
2.094400 1.466080 28.419717 
2.303830 1.466080 33.536442 
2.513270 1.466080 31.388560 
2.722710 1.466080 23.273093 
2.932150 1.466080 12.008336 
3.141590 1.466080 0.423192 
-3.141590 1.675520 -8.453553 
-2.932150 1.675520 -19.805217 
-2.722710 1.675520 -25.979525 
-2.513270 1.675520 -28.550365 
-2.303830 1.675520 -29.354967 
-2.094400 1.675520 -28.825300 
-1.884960 1.675520 -28.165711 
-1.675520 1.675520 -26.751450 
-1.466080 1.675520 -25.240896 
-1.256640 1.675520 -24.856913 
-1.047200 1.675520 -22.974717 
-0.837758 1.675520 -19.906167 
-0.628319 1.675520 -16.436255 
-0.418879 1.675520 -13.784563 
-0.209440 1.675520 -11.405148 
0.000000 1.675520 -9.803225 
0.209440 1.675520 -9.773380 
0.418879 1.675520 -11.255486 
0.628319 1.675520 -13.205037 
0.837758 1.675520 -14.882860 
1.047200 1.675520 -14.701270 
1.256640 1.675520 -11.391364 
1.466080 1.675520 -4.162204 
1.675520 1.675520 7.139278 
1.884960 1.675520 18.184202 
2.094400 1.675520 27.400663 
2.303830 1.675520 32.325103 
2.513270 1.675520 29.851467 
2.722710 1.675520 21.569735 
2.932150 1.675520 10.819159 
3.141590 1.675520 -0.431406 
-3.141590 1.884960 -8.812116 
-2.932150 1.884960 -20.541524 
-2.722710 1.884960 -26.698085 
-2.513270 1.884960 -29.241716 
-2.303830 1.884960 -30.021774 
-2.094400 1.884960 -28.926470 
-1.884960 1.884960 -29.539911 
-1.675520 1.884960 -29.205740 
-1.466080 1.884960 -29.133045 
-1.256640 1.884960 -29.115026 
-1.047200 1.884960 -27.977669 
-0.837758 1.884960 -25.636233 
-0.628319 1.884960 -22.077612 
-0.418879 1.884960 -18.096892 
-0.209440 1.884960 -13.576542 
0.000000 1.884960 -10.332183 
0.209440 1.884960 -8.135490 
0.418879 1.884960 -7.943453 
0.628319 1.884960 -9.174010 
0.837758 1.884960 -11.378020 
1.047200 1.884960 -12.570244 
1.256640 1.884960 -10.770477 
1.466080 1.884960 -4.034519 
1.675520 1.884960 5.975537 
1.884960 1.884960 16.793371 
2.094400 1.884960 26.458042 
2.303830 1.884960 31.009033 
2.513270 1.884960 28.669134 
2.722710 1.884960 20.136437 
2.932150 1.884960 9.700843 
3.141590 1.884960 -1.219896 
-3.141590 2.094400 -10.565152 
-2.932150 2.094400 -22.364917 
-2.722710 2.094400 -28.297704 
-2.513270 2.094400 -31.006710 
-2.303830 2.094400 -31.148376 
-2.094400 2.094400 -30.941227 
-1.884960 2.094400 -30.894330 
-1.675520 2.094400 -31.377514 
-1.466080 2.094400 -32.637402 
-1.256640 2.094400 -33.059457 
-1.047200 2.094400 -32.498311 
-0.837758 2.094400 -30.242122 
-0.628319 2.094400 -26.182413 
-0.418879 2.094400 -21.053259 
-0.209440 2.094400 -15.068251 
0.000000 2.094400 -9.794433 
0.209440 2.094400 -5.786819 
0.418879 2.094400 -4.340550 
0.628319 2.094400 -5.400190 
0.837758 2.094400 -8.504533 
1.047200 2.094400 -11.749864 
1.256640 2.094400 -11.462583 
1.466080 2.094400 -5.674943 
1.675520 2.094400 3.734019 
1.884960 2.094400 14.376818 
2.094400 2.094400 23.687974 
2.303830 2.094400 28.981102 
2.513270 2.094400 26.750677 
2.722710 2.094400 18.336625 
2.932150 2.094400 7.341761 
3.141590 2.094400 -3.579094 
-3.141590 2.303830 -12.948408 
-2.932150 2.303830 -25.531107 
-2.722710 2.303830 -31.064132 
-2.513270 2.303830 -33.749933 
-2.303830 2.303830 -34.196376 
-2.094400 2.303830 -33.644465 
-1.884960 2.303830 -33.181170 
-1.675520 2.303830 -33.720189 
-1.466080 2.303830 -35.035974 
-1.256640 2.303830 -36.038167 
-1.047200 2.303830 -35.992842 
-0.837758 2.303830 -33.286799 
-0.628319 2.303830 -28.738066 
-0.418879 2.303830 -22.134270 
-0.209440 2.303830 -14.994484 
0.000000 2.303830 -7.762065 
0.209440 2.303830 -2.100032 
0.418879 2.303830 -0.314699 
0.628319 2.303830 -2.627067 
0.837758 2.303830 -7.944576 
1.047200 2.303830 -13.131807 
1.256640 2.303830 -13.672846 
1.466080 2.303830 -8.747945 
1.675520 2.303830 0.659759 
1.884960 2.303830 11.488725 
2.094400 2.303830 20.753681 
2.303830 2.303830 25.310358 
2.513270 2.303830 23.066811 
2.722710 2.303830 15.168183 
2.932150 2.303830 4.108224 
3.141590 2.303830 -6.612950 
-3.141590 2.513270 -16.650535 
-2.932150 2.513270 -29.066502 
-2.722710 2.513270 -34.576616 
-2.513270 2.513270 -37.175531 
-2.303830 2.513270 -37.372423 
-2.094400 2.513270 -36.547128 
-1.884960 2.513270 -35.867619 
-1.675520 2.513270 -36.238557 
-1.466080 2.513270 -37.576946 
-1.256640 2.513270 -38.390622 
-1.047200 2.513270 -38.391059 
-0.837758 2.513270 -35.929953 
-0.628319 2.513270 -29.947326 
-0.418879 2.513270 -22.265083 
-0.209440 2.513270 -13.385719 
0.000000 2.513270 -4.610899 
0.209440 2.513270 2.338514 
0.418879 2.513270 3.890977 
0.628319 2.513270 -1.460539 
0.837758 2.513270 -9.819848 
1.047200 2.513270 -16.501571 
1.256640 2.513270 -17.000020 
1.466080 2.513270 -12.395536 
1.675520 2.513270 -2.769106 
1.884960 2.513270 8.327774 
2.094400 2.513270 17.917317 
2.303830 2.513270 22.471948 
2.513270 2.513270 20.252917 
2.722710 2.513270 12.126788 
2.932150 2.513270 1.285117 
3.141590 2.513270 -10.172278 
-3.141590 2.722710 -19.003680 
-2.932150 2.722710 -31.430935 
-2.722710 2.722710 -37.323491 
-2.513270 2.722710 -39.696032 
-2.303830 2.722710 -39.549746 
-2.094400 2.722710 -38.473205 
-1.884960 2.722710 -37.776296 
-1.675520 2.722710 -37.892527 
-1.466080 2.722710 -39.058556 
-1.256640 2.722710 -40.161163 
-1.047200 2.722710 -39.792077 
-0.837758 2.722710 -36.548200 
-0.628319 2.722710 -30.113358 
-0.418879 2.722710 -20.948267 
-0.209440 2.722710 -9.902447 
0.000000 2.722710 0.882644 
0.209440 2.722710 8.255218 
0.418879 2.722710 6.675556 
0.628319 2.722710 -2.150324 
0.837758 2.722710 -12.727714 
1.047200 2.722710 -19.250263 
1.256640 2.722710 -19.908295 
1.466080 2.722710 -14.002985 
1.675520 2.722710 -3.720833 
1.884960 2.722710 7.337032 
2.094400 2.722710 16.756043 
2.303830 2.722710 20.895937 
2.513270 2.722710 18.616022 
2.722710 2.722710 10.274922 
2.932150 2.722710 -0.771115 
3.141590 2.722710 -12.414187 
-3.141590 2.932150 -18.378281 
-2.932150 2.932150 -30.573232 
-2.722710 2.932150 -36.751642 
-2.513270 2.932150 -38.901937 
-2.303830 2.932150 -38.824996 
-2.094400 2.932150 -37.699202 
-1.884960 2.932150 -37.051031 
-1.675520 2.932150 -36.967549 
-1.466080 2.932150 -38.152713 
-1.256640 2.932150 -39.404049 
-1.047200 2.932150 -38.867019 
-0.837758 2.932150 -34.741420 
-0.628319 2.932150 -27.064808 
-0.418879 2.932150 -16.289661 
-0.209440 2.932150 -4.173112 
0.000000 2.932150 8.293514 
0.209440 2.932150 14.182838 
0.418879 2.932150 7.921000 
0.628319 2.932150 -3.201574 
0.837758 2.932150 -13.867367 
1.047200 2.932150 -19.844799 
1.256640 2.932150 -19.336436 
1.466080 2.932150 -12.810345 
1.675520 2.932150 -2.214964 
1.884960 2.932150 9.743667 
2.094400 2.932150 19.418763 
2.303830 2.932150 23.577958 
2.513270 2.932150 20.369394 
2.722710 2.932150 11.678327 
2.932150 2.932150 0.274628 
3.141590 2.932150 -11.549528 
-3.141590 3.141590 -14.836065 
-2.932150 3.141590 -27.340153 
-2.722710 3.141590 -33.075925 
-2.513270 3.141590 -35.262075 
-2.303830 3.141590 -35.144199 
-2.094400 3.141590 -33.844595 
-1.884960 3.141590 -32.996073 
-1.675520 3.141590 -33.005489 
-1.466080 3.141590 -33.977172 
-1.256640 3.141590 -34.303316 
-1.047200 3.141590 -32.480936 
-0.837758 3.141590 -27.361464 
-0.628319 3.141590 -18.124431 
-0.418879 3.141590 -5.965133 
-0.209440 3.141590 7.123113 
0.000000 3.141590 18.730987 
0.209440 3.141590 19.756450 
0.418879 3.141590 9.972135 
0.628319 3.141590 -1.872967 
0.837758 3.141590 -12.182715 
1.047200 3.141590 -17.632919 
1.256640 3.141590 -16.428949 
1.466080 3.141590 -8.732150 
1.675520 3.141590 2.117484 
1.884960 3.141590 13.960499 
2.094400 3.141590 23.917079 
2.303830 3.141590 28.165477 
2.513270 3.141590 25.123902 
2.722710 3.141590 16.242303 
2.932150 3.141590 4.633232 
3.141590 3.141590 -7.671807 
