   14.2339
   12.5919
   10.7691
     8.683
   6.21582
   3.20189
 -0.589085
  -5.46897
  -11.8324
  -20.0866
  -30.3493
  -41.5434
   -49.495
   -45.476
   -21.638
     15.26
   44.4666
   52.8888
   43.5168
   24.6854
   1.66875
  -23.0185
  -45.3379
  -56.9051
  -49.4841
  -24.6169
   5.93271
   30.6589
   45.0013
   49.9396
   48.4696
   14.7785
    13.065
   11.1529
   8.95746
   6.35831
   3.18826
 -0.779712
  -5.84105
  -12.3438
  -20.5888
  -30.4926
  -40.6982
  -46.8827
  -40.8036
  -15.9804
   19.6633
   45.9247
   51.3719
   39.9932
   20.0615
  -3.55782
  -28.4923
  -50.3894
  -60.4459
  -50.7094
  -23.7782
   7.86464
   32.8247
   46.9455
   51.4949
   49.6143
   15.2382
   13.4655
   11.4764
   9.18457
   6.46886
    3.1634
 -0.950284
  -6.14176
  -12.6964
  -20.7847
  -30.0982
  -39.0085
  -43.1585
  -35.0502
  -9.76373
   23.8807
   46.7837
   49.3325
   36.2562
   15.5324
  -8.45202
  -33.4684
  -54.8778
  -63.5306
  -51.7828
  -23.1625
   9.30043
   34.3823
   48.2978
   52.5534
   50.3953
   15.5981
   13.7823
   11.7336
   9.36558
   6.55831
   3.15115
  -1.05923
  -6.30546
  -12.7932
  -20.5414
  -29.0057
  -36.3323
  -38.3114
  -28.4921
  -3.58239
   27.2661
   46.6819
   46.7595
   32.5124
   11.4015
  -12.6696
  -37.5975
  -58.5106
  -65.9983
   -52.682
  -22.8066
   10.2207
    35.351
   49.1051
   53.1749
   50.8754
   15.8577
   14.0193
   11.9348
   9.51964
     6.658
   3.19942
  -1.03622
  -6.23234
  -12.4986
  -19.6887
  -27.0382
  -32.5789
  -32.5283
  -21.7952
   1.52503
    28.934
   45.2864
   43.7924
   29.1154
   8.07314
  -15.8124
  -40.5179
  -61.0205
  -67.7357
  -53.4275
  -22.7656
   10.6149
   35.7802
   49.4571
   53.4645
   51.1572
    16.037
   14.2027
   12.1151
   9.69387
   6.83117
   3.39307
 -0.767933
  -5.77347
  -11.6251
  -18.0166
  -24.0328
  -27.8125
  -26.3967
   -16.224
   4.06837
   27.9726
    42.508
   40.8197
   26.5715
   6.01339
  -17.4859
  -41.9123
  -62.1972
  -68.6713
  -54.0548
  -23.0924
   10.4818
   35.7334
   49.4619
   53.5479
   51.3611
    16.182
   14.3881
   12.3426
   9.97235
   7.18269
   3.86344
-0.0907293
  -4.73053
  -9.95217
  -15.3372
  -19.9872
  -22.5169
   -21.198
  -13.6473
   2.56623
    23.987
   38.7455
   38.4637
   25.4255
   5.61955
  -17.4197
  -41.6037
  -61.9393
  -68.7719
  -54.5757
  -23.7985
   9.84679
   35.2828
   49.2262
   53.5447
   51.5995
   16.3653
   14.6606
   12.7173
   10.4729
   7.85082
   4.77069
   1.17404
  -2.92423
  -7.35437
  -11.7137
   -15.415
  -17.9724
  -18.9093
  -15.7749
  -3.36469
   17.6697
   34.8608
   37.3262
   26.0033
    7.0174
  -15.6207
  -39.6692
  -60.3253
  -68.0631
  -54.9565
  -24.8181
   8.78962
   34.5184
   48.8469
   53.5495
   51.9535
   16.6718
   15.1147
   13.3425
   11.3054
   8.94627
   6.21324
   3.08328
  -0.40146
  -4.10597
  -7.85688
  -11.6944
   -16.139
  -21.1511
   -22.592
  -12.1724
    10.666
   31.7287
   37.6108
   28.1626
   9.90819
  -12.4666
  -36.5042
  -57.6691
  -66.6752
   -55.139
  -26.0012
   7.46159
   33.5604
   48.4128
   53.6242
   52.4593
   17.1513
   15.7922
    14.244
   12.4666
   10.4151
   8.04904
   5.34352
   2.29091
  -1.14737
  -5.20916
  -10.6003
  -18.2957
  -27.4489
  -31.7008
  -21.0991
   4.65161
   29.7742
   38.9878
    31.282
    13.603
  -8.65003
   -32.769
  -54.5022
  -64.8767
  -55.0981
  -27.1559
   6.06906
   32.5567
   48.0056
   53.7975
   53.1076
   17.7409
   16.5907
   15.2646
   13.7221
   11.9129
   9.77785
   7.23945
   4.16614
  0.273115
  -5.04932
  -12.7872
  -23.5438
   -35.135
  -39.9045
  -27.8743
   0.59021
   28.9572
    40.836
   34.5217
   17.2486
  -4.97847
  -29.2136
  -51.4511
  -63.0399
  -54.8857
  -28.1179
   4.81956
   31.6543
   47.6895
   54.0664
   53.8503
   18.2289
   17.2396
   16.0622
    14.643
   12.9091
   10.7576
   8.03203
   4.46831
 -0.396286
  -7.29409
  -17.0164
  -29.4164
  -41.3899
  -45.1799
  -31.5563
   -1.2982
   29.0356
   42.5804
    37.148
   20.1078
  -2.13296
  -26.4606
  -49.0539
  -61.5272
  -54.6118
  -28.7974
   3.86258
   30.9584
   47.4944
   54.3964
   54.6126
   18.3509
   17.4381
   16.3027
   14.8726
   13.0454
   10.6738
   7.53757
   3.29841
  -2.54383
  -10.6069
  -21.2775
  -33.7998
   -44.803
  -47.0874
  -32.2674
  -1.26216
   29.7263
   43.8457
   38.7166
   21.7441
 -0.502632
  -24.8555
  -47.6151
  -60.5666
   -54.376
  -29.1737
   3.26409
   30.5101
   47.4091
   54.7296
   55.3084
   17.9617
   17.0547
   15.8867
   14.3691
   12.3781
   9.73875
   6.20356
   1.42963
  -5.01609
  -13.5412
  -24.1686
  -35.8349
  -45.3232
  -46.1579
  -30.6669
    0.1998
   30.7238
   44.4378
   39.0869
   22.0566
 -0.151499
  -24.4374
  -47.1681
  -60.1967
  -54.2116
  -29.2607
   3.02159
   30.2964
   47.3955
   55.0032
   55.8601
   17.1144
   16.1882
   14.9754
   13.3788
   11.2644
   8.44981
   4.69157
 -0.316323
  -6.90371
  -15.2842
  -25.2481
   -35.658
  -43.6114
  -43.2883
  -27.5887
   2.48755
   31.7135
   44.2898
   38.3491
   21.2073
 -0.892563
  -25.0141
  -47.5391
  -60.3008
  -54.0819
  -29.0797
   3.09548
   30.2784
    47.414
   55.1714
   56.2165
   15.9964
   15.0679
   13.8472
   12.2354
   10.0988
    7.2605
   3.49671
  -1.45094
  -7.82045
  -15.6923
  -24.7458
  -33.8911
  -40.5426
  -39.3983
  -23.8353
   5.02437
   32.4243
   43.4363
   36.7378
   19.5076
   -2.4047
  -26.2757
  -48.4524
  -60.6867
  -53.9166
  -28.6546
   3.43345
   30.4164
    47.442
   55.2193
   56.3625
   14.8197
    13.925
   12.7504
   11.2001
   9.14608
   6.42284
    2.8282
  -1.85705
  -7.80995
  -15.0406
  -23.1965
   -31.273
  -36.9343
  -35.2644
  -20.0651
   7.34969
   32.6852
   42.0004
   34.5568
   17.3159
  -4.33688
  -27.8939
  -49.6228
  -61.1619
  -53.6515
  -28.0167
   3.98192
   30.6803
   47.4782
   55.1616
   56.3161
   13.7449
    12.918
   11.8345
   10.4043
   8.50708
   5.98835
   2.66246
  -1.66645
  -7.14652
  -13.7642
   -21.175
  -28.4491
  -33.4198
  -31.4558
  -16.7491
   9.16156
   32.4453
    40.169
   32.1189
   14.9668
  -6.37495
  -29.5829
   -50.811
  -61.5762
  -53.2511
  -27.2076
   4.68966
   31.0494
   47.5357
   55.0319
   56.1173
   12.8551
   12.1154
   11.1471
   9.86592
   8.15874
   5.87953
   2.85167
  -1.11271
  -6.15787
  -12.2757
  -19.1435
  -25.8802
  -30.4186
  -28.3374
  -14.1763
    10.312
   31.7558
   38.1567
   29.7036
   12.7343
   -8.2715
  -31.1239
  -51.8431
  -61.8347
  -52.7116
  -26.2769
   5.50887
   31.5078
   47.6316
   54.8691
   55.8141
   12.1633
   11.5143
   10.6639
   9.53342
   8.01567
   5.96986
   3.22166
 -0.420578
  -5.11424
  -10.8733
  -17.3997
  -23.8361
  -28.1634
  -26.1065
  -12.4873
   10.7741
   30.7312
   36.1693
   27.5341
   10.8206
  -9.85005
  -32.3659
  -52.6079
    -61.89
  -52.0524
  -25.2767
   6.39594
   32.0401
   47.7798
   54.7079
   55.4514
   11.6378
   11.0706
   10.3263
   9.33093
   7.98192
   6.14101
   3.63131
  0.249153
   -4.1871
  -9.72406
  -16.0903
  -22.4353
  -26.7496
   -24.839
  -11.7147
   10.5994
   29.5089
   34.3792
   25.7706
   9.36106
  -10.9961
  -33.2143
  -53.0432
  -61.7284
  -51.3044
  -24.2554
   7.31188
   32.6296
   47.9864
   54.5725
   55.0655
   11.2284
   10.7283
   10.0716
   9.18874
   7.98051
   6.30932
   3.99236
  0.808543
  -3.45606
  -8.88992
  -15.2532
  -21.6949
  -26.1831
  -24.5299
   -11.821
   9.87932
   28.2179
   32.9122
   24.5149
   8.43567
  -11.6436
  -33.6174
  -53.1211
  -61.3551
  -50.5004
  -23.2549
   8.22239
   33.2573
   48.2491
   54.4761
   54.6812
   10.8857
   10.4371
    9.8494
   9.05666
   7.96239
   6.42839
   4.26387
   1.22654
  -2.93643
  -8.36515
  -14.8612
   -21.573
  -26.4157
  -25.1232
  -12.7284
   8.71649
   26.9606
   31.8459
   23.8192
   8.08257
  -11.7618
  -33.5531
  -52.8347
  -60.7828
   -49.669
   -22.309
   9.09729
   33.9015
    48.558
   54.4215
   54.3129
   10.5709
   10.1605
   9.62626
   8.90519
     7.903
   6.48022
   4.43685
   1.50675
  -2.60772
  -8.10927
   -14.855
  -21.9972
   -27.369
  -26.5329
  -14.3394
   7.20678
   25.8061
    31.215
   23.6973
   8.30943
  -11.3442
  -33.0181
   -52.188
  -60.0254
  -48.8316
  -21.4436
   9.90978
   34.5386
    48.897
    54.403
   53.9662
   10.2582
   9.87641
   9.38403
   8.72091
   7.79454
   6.46391
    4.5193
   1.66892
  -2.43496
  -8.06922
  -15.1634
  -22.8827
  -28.9486
  -28.6564
  -16.5501
   5.43068
     24.79
   31.0178
    24.134
   9.10252
  -10.4006
  -32.0209
  -51.1903
  -59.0934
  -48.0018
  -20.6777
   10.6355
   35.1432
   49.2454
   54.4094
   53.6402
   9.93332
   9.57381
   9.11548
   8.50067
    7.6386
   6.38672
   4.52562
   1.73691
  -2.38157
  -8.19235
  -15.7159
  -24.1426
  -31.0538
  -31.3837
  -19.2582
   3.45134
   23.9196
   31.2249
   25.0929
   10.4332
  -8.95129
  -30.5765
  -49.8521
  -57.9923
  -47.1855
  -20.0246
    11.252
   35.6889
   49.5797
   54.4251
   53.3296
   9.59054
   9.24953
   8.82012
   8.24697
   7.44098
   6.25839
   4.47058
   1.73244
   -2.4158
  -8.43269
  -16.4487
  -25.6933
  -33.5834
   -34.603
  -22.3653
   1.31661
   23.1801
   31.7857
   26.5217
   12.2621
  -7.02352
  -28.7038
  -48.1831
  -56.7232
  -46.3819
   -19.493
   11.7383
   36.1481
   49.8744
   54.4325
   53.0267
   9.22964
   8.90501
   8.50111
   7.96479
    7.2087
    6.0883
   4.36664
   1.67256
  -2.51308
  -8.75348
  -17.3071
  -27.4587
  -36.4396
  -38.2048
   -25.779
 -0.937104
   22.5419
   32.6356
    28.357
   14.5424
  -4.64927
  -26.4237
  -46.1926
  -55.2827
   -45.585
  -19.0878
   12.0748
   36.4933
   50.1032
   54.4126
   52.7222
   8.85358
   8.54414
   8.16328
    7.6599
   6.94855
   5.88442
   4.22331
    1.5694
  -2.65613
  -9.12741
  -18.2473
  -29.3719
  -39.5315
  -42.0842
  -29.4118
  -3.28045
   21.9672
   33.7012
   30.5271
    17.221
  -1.86416
  -23.7587
   -43.889
  -53.6649
  -44.7845
  -18.8104
   12.2434
   36.6974
   50.2397
   54.3466
   52.4064
   8.46696
   8.17188
   7.81194
   7.33802
    6.6666
   5.65316
   4.04746
   1.43087
  -2.83394
  -9.53579
  -19.2352
  -31.3764
  -42.7766
  -46.1428
  -33.1815
  -5.68735
   21.4159
   34.9053
   32.9553
   20.2399
   1.29307
  -20.7326
  -41.2808
  -51.8619
   -43.967
  -18.6587
   12.2287
   36.7345
   50.2586
    54.216
   52.0695
    8.0749
   7.79339
   7.45232
   7.00441
   6.36813
   5.39966
   3.84395
   1.26176
  -3.04037
  -9.96716
  -20.2469
  -33.4261
  -46.1025
  -50.2904
  -37.0109
  -8.13222
   20.8504
   36.1715
   35.5619
   23.5374
   4.78068
  -17.3712
  -38.3774
  -49.8658
  -43.1171
  -18.6279
   12.0177
   36.5811
    50.136
   54.0033
   51.7024
