 33.1262 -36.4454
27.9503 -36.743
 22.3092 -37.0391
 16.3783 -37.3501
  10.359 -37.6742
  4.4505 -37.9846
 -1.2278 -38.2244
-6.80275  -38.307
-12.9386  -38.127
-21.1095 -37.5826
-33.1236 -36.5909
-48.2931 -35.0393
-58.5485 -32.6521
-50.4856 -29.0686
-21.0323 -24.4223
 15.6975 -19.6206
 43.3891 -15.7299
 54.8003 -13.4323
 49.8547 -13.0554
 31.2272 -14.7632
 2.88185 -18.4765
-28.2216 -23.1915
-50.2341 -26.4049
-54.5559 -26.9662
-46.8951   -28.01
-31.9302 -30.3199
-7.87627 -30.7857
 18.4686 -28.6659
 36.0657 -25.5548
  40.461 -22.8248
 34.7118 -20.8971
 32.8287 -30.6772
 27.6682 -30.9437
 22.0242 -31.2019
 16.0872 -31.4577
 10.0806 -31.6983
 4.23151 -31.8859
-1.31043 -31.9536
-6.64761 -31.8075
-12.4387 -31.3406
  -20.18 -30.4592
-31.6993  -29.104
-46.2236 -27.2007
-55.4889 -24.5278
-46.2562 -20.8092
-16.2587 -16.3015
 19.8541 -12.0159
 46.0235 -9.04337
 55.4698 -8.02529
 48.3758 -9.21734
 27.6003 -12.6464
 -2.2476 -17.8575
 -32.628 -23.0813
-51.4552  -25.557
-54.6837  -25.583
-48.7349 -26.4369
-33.0133 -27.5848
-6.37639 -26.7787
 21.4229 -24.2425
 38.9237 -21.4048
 42.5537 -19.1783
 36.0868 -17.6958
32.5952 -24.578
27.4505 -24.751
 21.8139 -24.9118
 15.8921 -25.0561
 9.93085 -25.1597
 4.18462 -25.1736
-1.16857  -25.021
-6.21093 -24.6012
-11.6038 -23.8073
-18.8792 -22.5572
 -29.902 -20.8198
-43.8308 -18.5685
-52.2303 -15.6509
-42.0694 -11.8967
-11.8953  -7.6937
 23.1826 -4.13354
 47.4474 -2.28922
 54.6231 -2.72286
 45.1904 -5.57607
 22.3539 -10.6503
-8.23543 -16.9453
-36.4407 -21.9261
-51.6585 -23.2034
-54.5718  -22.569
-49.7149 -22.7803
-32.7797 -22.7643
-4.28994 -21.2318
 24.1679 -18.7686
 41.2227 -16.4762
 44.0884 -14.8884
 37.0546 -13.9274
 32.4831 -18.3053
 27.3513 -18.3362
 21.7292 -18.3548
 15.8405 -18.3464
 9.95374 -18.2761
 4.35019 -18.0838
-0.766145  -17.6835
-5.46245 -16.9697
-10.4123 -15.8377
-17.1984 -14.2212
-27.7427  -12.123
-41.1568 -9.57245
-48.8651 -6.50151
-38.0837 -2.86229
-8.15138 0.830088
25.4684  3.4451
47.4877 3.98143
52.1672 2.00053
 40.3499 -2.47246
 15.8285 -8.90051
-14.3263 -15.5943
 -38.949 -19.4948
-50.7521 -19.2751
-53.9423   -17.89
-49.7048 -17.3431
-31.7158 -16.5352
-2.13262 -14.7915
  26.414 -12.7168
 42.8315 -11.1051
 45.0034 -10.2048
 37.5753 -9.78605
 32.5338 -12.0266
 27.4085 -11.8849
 21.8037 -11.7351
 15.9614 -11.5531
 10.1731 -11.2936
 4.74594 -10.8868
-0.0931697   -10.2392
-4.40253 -9.24283
 -8.8786 -7.79941
-15.1713 -5.86279
-25.2802 -3.47486
 -38.2955 -0.727494
-45.5385   2.3522
-34.5015  5.67996
-5.25394  8.63331
26.5202    10.1
  46.04 9.21132
48.1294 5.69914
  34.0972 -0.178969
 8.63595 -7.41998
-19.5841 -13.6042
-39.6227 -15.6759
-48.7733 -13.9011
-52.7326 -11.8624
-48.9884 -10.7982
-30.3367 -9.67323
-0.242936  -8.07798
 28.0222 -6.54512
 43.7168 -5.64053
 45.3024 -5.40179
37.6553  -5.491
 32.7696 -5.92789
   27.64 -5.60435
 22.0498 -5.28268
 16.2607 -4.93023
10.5874 -4.4928
 5.36085 -3.89288
0.827198  -3.0323
-3.07026 -1.80436
 -7.06246 -0.121988
-12.8826  2.03622
-22.6281  4.58665
-35.3946  7.37393
-42.4414  10.2724
-31.5505  13.0672
-3.41777   15.063
26.2048 15.2334
43.1049 12.9032
42.6946 8.02324
26.9041 1.16324
 1.64724 -6.09609
-23.0597 -10.7637
-38.2529 -10.5361
-45.9594  -7.4537
-51.1851 -5.11069
-48.0142  -3.9524
-29.0225  -2.8964
 1.20961 -1.64148
  28.9696 -0.682365
  43.9252 -0.428407
  45.0497 -0.761491
 37.3494 -1.27187
  33.1914 -0.221533
28.0402 0.26952
 22.4549 0.741238
16.7174 1.23335
11.1649 1.80702
6.14989 2.54464
1.93258 3.54503
-1.55027  4.90847
-5.07552  6.70585
-10.4734   8.9311
-19.9547  11.4618
-32.6462  14.0876
-39.7883  16.5924
-29.4482  18.6436
-2.80358  19.5171
24.4873 18.3405
38.8221 14.6884
36.2374 8.78285
19.4893 1.59424
-4.08853 -4.68265
-24.0159 -6.92624
-35.0386  -4.3636
  -42.786 -0.536031
-49.7328  1.59415
-47.1776  2.44377
-27.9867  3.19864
2.17976 4.04845
29.3156 4.48397
43.5673 4.20627
44.3638 3.44471
36.7572 2.64591
33.7758 4.84769
28.5783  5.4668
22.9789  6.0399
17.2804 6.61197
11.8407 7.24839
7.03039 8.03257
3.11735 9.05892
0.0234429   10.4157
-3.08359  12.1535
-8.13868  14.2404
-17.4724  16.5271
-30.2639  18.7697
-37.7813  20.6822
-28.3575  21.8357
-3.47422  21.5215
21.4667  19.081
33.4997 14.3891
29.3467 7.99847
12.8024 1.35784
-7.50844 -2.85239
-22.1516 -2.10381
-30.5977  2.31945
-39.8942  6.10411
-48.8044  7.51053
-46.7262  7.78679
-27.3126  8.14263
2.70197 8.60269
29.1786 8.61957
42.8043 7.97566
 43.407 6.96929
36.0154 6.04857
34.4759 9.00846
 29.198 9.69244
 23.555 10.2934
17.8695 10.8592
12.5178 11.4562
7.88331 12.1641
4.23495 13.0673
1.47201  14.237
-1.29791  15.7022
-6.11167  17.4131
-15.4123  19.2165
-28.447 20.8696
-36.5659  22.0476
-28.3414  22.2486
-5.35912  20.8144
17.3982 17.3467
27.6292 12.0693
 22.827 5.93331
 7.94134 0.882822
 -7.78297 -0.301473
-17.7584  3.44925
-25.8699  8.79752
-37.9146  11.7171
-48.6846  12.0485
-46.7642  11.6438
-27.0029  11.5906
2.86071 11.7234
28.7178  11.462
41.8319 10.6457
42.3695  9.5988
35.2827 8.73728
35.2234 11.9846
29.8217 12.6524
24.094  13.19
18.3812 13.6459
13.0739 14.0833
8.56248 14.5735
5.10987 15.1855
2.58795 15.9702
0.0471356   16.9379
-4.6342 18.0362
-13.9877  19.1404
-27.3402  20.0525
-36.1913  20.4453
-29.3324  19.7642
-8.23877  17.4221
12.6974 13.3153
21.8828 8.07037
 17.661 3.09504
 5.98161 0.706982
-4.5933 3.10956
-11.7401  9.19553
-21.9005  14.2693
-37.2867  15.6912
-49.4746  14.8216
-47.2975  13.7497
-27.0147  13.3275
2.77074 13.2223
28.1142 12.8391
40.8577 12.0477
41.4455 11.1579
34.7195 10.5265
35.9373 13.5392
  30.36 14.1046
24.4965 14.4848
18.7027 14.7265
13.3787 14.8864
8.91505 15.0228
 5.5629 15.1859
 3.1662 15.4054
0.731084  15.6797
-3.91575  15.9741
-13.3547  16.2283
-27.0018  16.3338
-36.592  15.997
-31.1277  14.6273
-11.753 11.7189
7.92404 7.48957
17.0845 3.02431
 14.9069 0.193818
7.71042 1.33949
1.64651 7.21824
-5.45179  14.3528
-19.5539  18.0063
-38.163 17.6438
-51.1232  15.6547
-48.2739  14.0077
-27.2795  13.2856
2.55869 13.0425
27.5444 12.6845
40.0706  12.087
40.8052 11.5143
34.4634 11.2466
36.5385 13.5418
30.7292 13.9318
24.6722 14.0792
18.735 14.027
13.3205 13.8225
8.81336 13.5086
5.44873 13.1146
3.04749 12.6511
0.59422 12.1138
-4.08918  11.5046
-13.5799  10.8577
-27.392 10.1905
-37.5945   9.2754
-33.4103  7.50665
-15.4311  4.46728
 3.74397 0.717228
 14.1344 -2.16363
15.4992 -1.9582
13.3062 3.08168
9.72734 11.4831
-0.353848   18.0349
-19.278 19.5057
-40.4184  17.4497
-53.4752  14.5748
-49.6046   12.497
-27.7153  11.5646
2.34071 11.2769
27.1487 11.0533
39.6083 10.7583
 40.566 10.5953
34.6073 10.7643
36.9692 12.0444
 30.873 12.2218
 24.566 12.1046
18.4216  11.731
12.8398 11.1381
8.19321 10.3522
4.69946 9.38266
2.16555 8.22467
-0.415946   6.87869
-5.1734 5.39505
-14.6227  3.91726
-28.3805  2.60752
-38.9473  1.33477
 -35.7894 -0.488657
-18.7365 -3.17758
0.863825  -5.8244
 13.8662 -6.38441
 19.9527 -2.60822
22.0589   5.858
17.8288 15.0273
2.42539 19.4708
-21.0241  18.5772
 -43.72 15.2249
-56.3049   11.801
-51.1695  9.48213
-28.2366  8.44564
2.19901 8.18385
27.0034 8.14308
39.5313 8.17756
40.7708 8.43313
35.1823 9.03811
37.2138 9.34153
30.7854 9.32386
24.1809 8.97303
 17.775 8.32343
11.9583 7.40254
 7.0866 6.22189
3.36015 4.77381
0.583429  3.04183
-2.21227  1.03462
-7.05187 -1.14928
-16.3321 -3.26254
-29.7652 -4.99885
-40.3571 -6.36579
-37.845 -7.8824
-21.1227 -9.74103
-0.0709378   -10.7217
 16.8231 -8.47616
  28.016 -1.26783
32.2631 9.12535
23.9749 16.8399
2.42752  18.226
-24.3259  15.3584
-47.6008  11.3049
-59.3279  7.74145
-52.8144  5.41833
-28.7626  4.39994
2.16743 4.20587
27.1067 4.33136
39.8132 4.64054
41.3827 5.24249
36.1543 6.21286
37.3113 5.97851
30.5219 5.84194
23.5906 5.35418
16.8882 4.54764
10.7907 3.44295
5.63317 2.04055
 1.59935 0.320132
-1.49842 -1.74281
-4.56409 -4.13255
-9.47464 -6.71361
-18.4556 -9.15792
-31.2889  -11.034
 -41.514 -12.2047
-39.1629 -13.0594
-22.0918 -13.6512
    1.39 -12.5598
 22.9838 -7.48859
38.3897 2.06444
 41.424 11.9238
26.6552 16.1164
-0.0543728    14.3589
-28.4528  10.3177
-51.5168  6.25346
-62.2079   3.0052
-54.3507   0.9557
 -29.2173 0.0931996
   2.23531 -0.0117954
 27.3899 0.216823
 40.3548 0.688356
42.2975   1.507
37.4329 2.72086
37.3509 2.67787
30.1928 2.54034
22.9284 2.05607
15.9205 1.25846
 9.52605 0.165197
 4.05671 -1.22939
-0.319714  -2.95285
-3.77589 -5.03436
-7.13392 -7.45449
-12.0929 -10.0573
-20.6649 -12.4655
-32.6547 -14.1522
-42.1066 -14.8241
-39.3614  -14.685
-21.2538 -13.6559
 5.35491 -10.3414
31.5138 -3.0743
48.6791 6.70487
46.8905 13.1285
25.3667 12.6423
-4.13891   8.5131
 -32.57 4.28688
-54.9067 0.889926
-64.5797 -1.59547
-55.5654 -3.08186
-29.5251 -3.64322
 2.36827 -3.64307
  27.747 -3.38958
 41.0161 -2.88873
 43.3713 -2.00658
  38.8921 -0.695903
 37.4464 0.187113
 29.9315 0.169824
  22.3503 -0.170832
  15.0539 -0.797343
 8.37732 -1.69083
 2.60657 -2.85792
-2.10626 -4.32791
-5.91567  -6.1311
-9.55446 -8.24687
-14.5294 -10.5133
-22.6088  -12.533
-33.5566 -13.7144
-41.8408 -13.6078
-38.1205 -12.1996
-18.3928 -9.33412
 11.4558 -4.00104
40.6538 4.09033
55.8048 11.2517
 46.858 11.9236
20.8086 7.06508
-8.65275  1.91228
-35.9011  -1.5664
-57.2775 -3.75711
-66.1063  -5.1244
-56.2526 -5.80539
-29.6124 -5.93885
 2.53092 -5.81758
  28.07 -5.6082
  41.651 -5.20056
   44.45 -4.40185
 40.3906 -3.14229
   37.694 -0.912433
  29.8485 -0.731564
  21.9836 -0.839182
 14.4359 -1.19098
7.51623 -1.7635
 1.48399 -2.56012
-3.52471 -3.60724
-7.64594 -4.93263
-11.5234 -6.51485
-16.4696 -8.19449
-23.9894 -9.57313
 -33.735 -10.0182
-40.4841 -8.93585
-35.2397 -6.10266
-13.5584 -1.41431
18.7439 5.26893
47.8906 12.1568
57.0238 13.9748
41.3028 8.33579
 14.6028 0.828047
-12.4751 -3.89946
-37.8895  -5.9807
-58.3072 -6.68054
-66.5593 -6.75617
-56.2659 -6.50751
-29.4249 -6.14633
 2.69449 -5.90101
  28.269 -5.78961
  42.133 -5.57172
 45.3923 -4.97844
   41.79 -3.90112
  38.1317 -0.367633
 29.9884 0.011832
 21.8816 0.142324
  14.1311 0.0766965
  7.02196 -0.155031
 0.786277 -0.550452
-4.45573 -1.13004
-8.82293 -1.91613
-12.8742 -2.88513
-17.7336 -3.88267
-24.6314 -4.51779
-33.0386 -4.13233
-37.9268 -2.01288
-30.72 2.2123
-7.18455  8.37436
25.6616 15.2033
50.5606 18.5892
51.2781 13.6631
 32.145 3.40291
 8.62679 -4.37609
-14.8398 -7.60781
-38.3058 -8.04775
-57.9174 -7.26985
-65.8872  -6.1066
-55.5699 -4.96733
-28.9565 -4.13802
 2.82937 -3.79619
 28.2785 -3.82518
 42.3679 -3.86093
  46.087 -3.55623
 42.9729 -2.75725
38.7166 1.67445
30.3107 2.17062
22.0074 2.45937
14.1072 2.60253
 6.8679 2.63691
0.494472  2.57123
-4.90839  2.39197
-9.44376  2.08369
-13.5915  1.67368
-18.2954  1.31231
-24.5056  1.38172
-31.4543  2.55509
-34.2236  5.62403
-24.8393  10.9812
-0.183262   17.8674
  30.21 23.1812
46.8673 21.2305
39.9875 10.3668
 22.3356 -1.32865
  4.3085 -7.37345
-15.4706 -8.66016
-37.2464 -7.58804
-56.2737 -5.59271
-64.2313 -3.44162
-54.2601 -1.60314
 -28.2624 -0.423255
   2.89937 -0.0427362
  28.0602 -0.239712
  42.3049 -0.551342
  46.4698 -0.564793
   43.8634 -0.0855541
39.3346 4.71008
30.7038 5.18582
22.2523  5.4999
14.2574 5.72165
6.94855 5.89295
0.504124  6.02736
-4.98578  6.11743
-9.60914  6.15451
-13.7718  6.17052
-18.246 6.31402
-23.6994  6.95991
 -29.09 8.78484
-29.5957  12.5936
-18.1807  18.6019
6.07485 25.0905
30.4345 27.1044
36.8732 19.2889
26.4975 5.31772
 14.4789 -4.64882
 2.27325 -7.94872
-14.5151 -7.39691
 -35.037 -5.17707
-53.7147 -2.36362
-61.8775 0.410137
-52.5322  2.66663
-27.4437  4.02866
2.87107 4.38227
27.6124 4.01746
41.9488 3.45909
46.5383 3.16137
44.4463 3.34597
39.8362 8.01835
31.0257 8.32777
22.4789 8.52924
14.4464 8.69577
7.12826 8.87066
0.677135  9.06934
-4.82961  9.28819
-9.46458   9.5242
-13.5631  9.81421
-17.7328   10.307
-22.3621  11.3711
-26.1315  13.6678
-24.4058  17.9197
-11.6099  23.9059
9.95566 28.6374
25.1586 25.9888
22.756 13.539
  14.4874 0.0925828
 9.95432 -6.18619
 2.42982 -6.70907
-12.3681 -4.75155
-32.1058 -1.83477
-50.6501  1.36793
-59.1709  4.38101
-50.6209   6.7636
-26.6099  8.14219
2.73248 8.42396
 26.978 7.92977
 41.363 7.20553
46.3553  6.7167
44.7715 6.69336
40.0848 10.8459
31.1511 10.8805
22.5682 10.8698
14.5569 10.8846
7.28734 10.9647
0.888562  11.1238
-4.57204  11.3595
-9.15015  11.6731
-13.1124  12.1062
-16.9081  12.8089
-20.6576  14.1403
-22.8086  16.7139
-19.1387  21.0387
 -6.212 26.1668
9.92868 27.7737
14.6364 20.0851
8.02241 5.70116
 6.50536 -4.20935
 8.88583 -6.31361
4.27421 -4.6272
-9.50485 -1.80306
-28.88  1.377
-47.4709  4.58657
-56.435 7.50866
-48.7376   9.7753
-25.8436  11.0474
2.50588 11.2496
26.2426 10.7008
40.6602 9.92994
46.0358 9.38379
44.9414 9.28119
39.9976 12.5748
31.0079 12.2925
22.4522 12.0322
14.5189 11.8558
7.34962 11.7949
 1.0532 11.8579
-4.3091 12.0421
-8.77344  12.3516
-12.5387  12.8327
-15.903 13.6357
-18.7454  15.0998
-19.3898   17.738
-14.4039  21.6769
-3.19005  24.9857
5.03432 22.3992
0.735674  10.6096
-3.84666 -2.43356
 3.43989 -7.23521
 10.6089 -5.74303
 7.17335 -2.62517
-6.37393 0.556319
-25.7261  3.63545
-44.4958  6.55257
-53.9224  9.14008
-47.0342  11.1255
-25.1835  12.2248
2.24642 12.3755
  25.52 11.8694
39.9809 11.1878
45.7239  10.734
45.0894 10.6984
39.5656 12.8264
30.5919  12.256
22.1234 11.7709
14.3166 11.4182
7.28775 11.2177
1.13021 11.1712
-4.09619  11.2743
-8.40506  11.5337
-11.9287  11.9988
-14.8266  12.8154
-16.7881   14.281
-16.2057  16.7279
-10.9482  19.7045
-3.69884  20.1852
-4.66926  12.9867
 -13.5097 -0.711689
-10.5163 -9.58663
  4.8323 -9.18116
 14.1712 -5.16247
 10.5349 -1.35651
-3.34853  1.76238
-22.9262  4.46223
-41.9524  6.87704
-51.7989  8.97498
-45.5956  10.5883
-24.627 11.4966
2.02897 11.6458
24.932 11.283
39.4697 10.8215
45.5689 10.6038
 45.357 10.7789
38.8487 11.4805
29.9573 10.7046
21.6241 10.0633
 13.977 9.58542
7.11206 9.27807
1.11261 9.13603
 -3.958 9.15309
-8.0885 9.33783
-11.3486  9.73968
-13.7819  10.4883
-14.9776  11.8016
-13.6865  13.7202
-9.64795  15.0227
-8.58389  11.7781
-17.8345 0.527406
-24.7906 -12.1006
-11.2249 -15.1405
  9.5029 -10.4636
 18.6544 -5.04938
 13.8772 -1.15951
-0.713374   1.57944
-20.6781  3.70364
-39.984   5.484
-50.1555  7.00857
-44.4539  8.21292
-24.147 8.94077
1.92981 9.14104
24.5892 9.00739
39.2565 8.87533
45.7076 9.01649
45.8789 9.52986
37.9526 8.62263
29.1935 7.74965
21.0245  7.0392
13.5501 6.50142
6.85251 6.13119
1.01085 5.91726
-3.90402  5.85185
-7.85578  5.94318
-10.8613   6.2336
-12.8891  6.81613
-13.5699  7.76995
-12.3984  8.70537
-11.4372  7.51394
 -18.0227 0.0288873
-31.8771 -13.5413
-30.4808 -22.0718
-6.57955 -19.0014
 16.0922 -11.4751
 23.3136 -5.63089
16.8415 -2.1016
 1.32947 0.034171
-19.1088  1.45476
-38.6693  2.52625
-49.0312  3.43997
-43.6113  4.22697
-23.7121  4.79027
2.00928 5.07891
24.5755 5.23192
39.4434   5.506
46.2539 6.09947
46.7736 7.05621
36.9984 4.45522
28.3988 3.59231
20.3996 2.89563
 13.089 2.35821
6.54167 1.96454
0.837442  1.69827
-3.94322  1.54911
-7.74292  1.52024
-10.5454  1.63412
-12.3118  1.91377
-12.9206  2.21648
-13.0535  1.57578
 -17.125 -2.92529
-31.1319 -14.4089
-43.4456 -27.4769
  -29.31 -29.6334
 1.96929 -21.3769
 23.3864 -12.4715
 27.6073 -6.92156
   19.18 -4.05453
 2.64724 -2.66759
-18.2921 -2.02702
-38.0456 -1.70216
-48.4393  -1.4147
-43.0639 -1.04868
 -23.3053 -0.647843
  2.29811 -0.262926
  24.939 0.196225
  40.098 0.914412
47.2933 2.01987
48.1395 3.49948
  36.0967 -0.788167
 27.6592 -1.55407
 19.8127 -2.17269
 12.6363 -2.66572
 6.20292 -3.05743
0.596015 -3.36939
-4.09542 -3.61742
-7.80342 -3.81205
-10.5134 -3.97151
-12.2832  -4.1919
-13.5132 -4.94191
-16.4613 -7.86795
-27.0598 -16.2429
-45.6875  -30.329
-49.2653 -39.4722
-21.5598 -34.3459
 12.6772 -22.5841
 30.4503 -13.5545
 31.1749 -8.78696
  20.734 -6.76852
 3.16034 -6.21545
-18.2668 -6.39506
-38.1305 -6.83504
-48.3887 -7.18537
-42.8211 -7.25611
-22.9384 -7.04288
 2.78793 -6.59252
 25.6855 -5.85197
 41.2489 -4.69488
 48.8801 -3.05463
 50.0529 -1.00045
 35.3314 -6.90287
 27.0365 -7.51421
 19.3063 -8.01538
 12.2172 -8.44094
 5.84396 -8.82354
0.274508   -9.192
-4.39959 -9.57387
-8.11969 -10.0074
-10.9286 -10.5824
  -13.13 -11.5796
-15.9612 -13.9017
-23.3679 -19.8329
-40.6496 -31.9848
-58.2216 -45.9085
 -47.148 -48.0057
 -8.7887 -36.2725
 23.9221 -22.9319
  36.647 -14.7035
 33.8016 -11.0077
 21.4155 -9.93488
 2.82911 -10.2542
-19.0503 -11.2691
-38.9354 -12.4834
-48.8981 -13.4894
-42.9168 -14.0336
-22.6605 -14.0671
 3.42542 -13.6256
  26.774 -12.6765
 42.8823 -11.1327
51.0343 -8.9755
 52.5659 -6.32604
 34.7526 -13.7395
 26.5647 -14.1701
 18.8999 -14.5401
 11.8368 -14.8967
 5.45408 -15.2825
-0.158888  -15.7382
-4.92029 -16.3133
-8.81353 -17.0945
-12.0211 -18.2846
-15.2839 -20.4255
-20.9526  -24.921
-34.1263 -34.3402
-55.8685 -48.9913
-64.7373 -58.8951
-36.7572 -52.2021
 6.75666 -35.8439
 34.4383 -22.6671
 41.6013 -15.8234
 35.3844 -13.3333
 21.1911 -13.2345
 1.64424 -14.4277
-20.6462 -16.2735
 -40.473 -18.2665
-50.0012 -19.9544
-43.4131 -21.0302
-22.5602 -21.4031
 4.10975 -21.0888
28.1136 -20.054
 44.9373 -18.2266
 53.7371 -15.6163
 55.7026 -12.3874
