  -34.1484
  -33.8038
  -33.7548
  -33.9815
  -34.1804
  -33.8816
  -33.0775
  -32.6167
  -33.6529
  -36.9318
  -42.3956
  -48.3563
  -51.1227
  -47.4042
  -37.1256
  -23.0837
  -9.96852
  -2.73202
   -2.8783
  -7.62539
  -13.1951
  -17.2937
  -19.2637
  -19.4717
  -18.7357
  -17.8801
  -17.4994
  -17.9485
  -19.3124
  -20.9197
  -21.1129
  -31.1111
  -30.5435
   -30.336
   -30.468
  -30.6614
   -30.521
  -30.0878
  -30.0526
  -31.1664
  -33.7573
  -37.7051
  -41.9218
  -43.4212
   -38.571
  -26.9015
  -12.5201
  -1.59549
   1.83433
  -1.16879
  -6.56826
  -11.3678
  -14.5787
   -16.298
  -17.0415
  -17.4622
   -18.137
    -19.41
  -21.3338
  -23.5855
  -25.2112
  -24.8951
  -27.0027
  -26.1688
  -25.7527
  -25.7481
  -25.9386
  -26.0366
  -26.0989
  -26.5583
  -27.6973
  -29.4131
  -31.3869
  -32.8002
  -31.4168
  -24.1867
  -11.2687
   1.59664
    7.6795
   5.65972
 -0.224024
  -5.63787
  -9.23831
  -11.4377
  -12.8279
   -13.858
  -14.9403
  -16.4177
  -18.4448
  -20.9113
  -23.3826
  -24.9925
  -24.8138
  -21.5983
  -20.4794
  -19.8263
  -19.6606
   -19.856
  -20.2398
  -20.8231
  -21.6834
  -22.6093
  -23.1219
  -22.7051
  -20.6399
  -15.4197
  -5.36511
   7.64353
   16.4236
   15.5301
   7.82603
 0.0333712
  -4.58549
  -6.74184
  -7.94302
  -8.93595
  -9.95749
    -11.17
  -12.7189
  -14.6234
  -16.7332
  -18.7621
  -20.2252
   -20.574
   -14.815
   -13.451
  -12.5833
  -12.2657
  -12.4686
  -13.1097
  -14.0849
   -15.072
  -15.4193
  -14.3921
  -11.3803
  -5.79911
   3.00239
   14.7391
   25.3843
   27.6742
    19.524
   7.73845
  -0.40922
  -3.64254
  -4.38328
  -4.69193
  -5.21019
  -5.93072
  -6.81152
  -7.84324
  -8.94813
  -10.0239
  -11.1113
  -12.2686
  -13.2571
   -6.8944
  -5.42466
  -4.44794
  -4.04242
  -4.25295
  -5.03586
  -6.12673
  -6.85155
   -6.2668
  -3.56233
   1.78298
   10.0049
   20.6375
   31.3019
   36.6987
     31.72
   18.4123
   5.30038
  -1.74345
  -3.34206
  -2.81241
  -2.28465
  -2.19829
  -2.35856
   -2.5835
  -2.74391
  -2.69086
  -2.42418
  -2.39061
  -3.18634
  -4.73713
   1.40129
   2.72178
   3.60872
   3.97873
   3.75594
   3.00479
   2.14565
   2.06184
   3.75977
    7.9019
   14.6899
   23.7397
   33.3674
   39.8028
   38.3917
   27.7621
   12.7976
   1.03059
  -3.93818
  -3.86204
  -2.16604
 -0.774987
 0.0487735
   0.60423
   1.16068
   1.94369
    3.1541
   4.66452
   5.64562
   5.12373
   3.20359
   8.75231
   9.61153
   10.1758
   10.3751
   10.1496
    9.6267
   9.32264
   10.1207
   12.8249
   17.7269
    24.526
   32.1341
   38.0518
   38.5052
   31.1288
   18.0245
   4.66625
  -3.96994
  -6.38536
  -4.68493
  -1.90947
   0.33588
   1.91118
   3.15362
   4.38411
   5.90584
   7.95444
   10.2798
   11.7849
   11.3785
   9.37121
   13.6467
   13.8281
    13.933
   13.9114
   13.7508
    13.647
    14.104
   15.7787
   19.0462
    23.703
   28.9638
   33.3201
   34.2785
   29.2808
   18.5347
   6.06556
  -3.65084
  -8.33921
  -8.07377
  -4.89173
  -1.23196
   1.68732
   3.82699
   5.52096
   7.11029
   8.95253
   11.3042
   13.8319
   15.3525
    14.933
   13.1838
   15.1233
   14.6581
    14.368
   14.2169
   14.2449
   14.6792
   15.8841
   18.1204
   21.2491
   24.6509
   27.3235
   27.8454
   24.4332
   16.1076
   4.82218
  -4.98263
  -10.2756
  -10.8943
  -8.07057
  -3.69386
  0.468805
   3.67223
   6.00087
   7.75627
   9.25975
   10.8925
   12.9271
   15.0199
   16.1063
   15.6255
   14.4775
   13.3753
   12.5422
   12.0862
   11.9738
   12.2822
   13.2098
   14.8851
   17.1355
   19.4182
   20.9533
   20.8711
    18.217
   12.1322
   2.86134
  -6.91603
  -13.1641
  -14.0689
  -10.9168
  -5.88636
 -0.785277
   3.32934
   6.28546
   8.32781
   9.69519
   10.6402
   11.5352
   12.6796
   13.8125
   14.1644
   13.6477
   13.3557
   9.63647
   8.79544
   8.41546
   8.46154
    9.0244
   10.2224
   11.9289
    13.642
   14.6494
   14.2818
   12.0176
   7.45777
  0.496205
   -7.9387
  -15.1113
  -17.6409
  -14.5806
  -8.21896
  -1.58914
   3.56462
   6.98711
   9.14826
    10.448
    11.022
   11.0087
   10.7505
   10.5999
   10.4704
   9.98929
   9.51662
   10.1906
   5.45869
   4.87379
   4.70546
   4.92037
   5.60419
   6.77482
   8.10274
   8.93061
   8.60201
   6.71428
   3.12608
  -2.11438
  -8.63569
  -15.2217
  -19.3713
  -18.3588
  -11.9024
  -3.10297
   4.23373
   8.57844
   10.6664
   11.6026
   11.8384
   11.3499
   10.1421
   8.53041
   6.95844
    5.5733
   4.39952
   4.10687
   5.71331
   2.03131
   1.80884
   1.86684
   2.18141
   2.82522
   3.72297
   4.42347
   4.27026
   2.79944
-0.0914384
   -4.2352
  -9.28682
   -14.609
  -18.9021
  -19.9755
  -15.7277
   -6.5447
   3.67944
   10.5574
   13.1254
   13.3435
   12.8498
    11.928
   10.3182
   7.91774
   5.05344
   2.29213
 0.0135354
  -1.46877
  -1.38902
   1.00312
-0.0627679
 0.0606143
  0.285151
  0.606742
   1.08733
   1.57855
   1.57801
  0.526584
  -1.79883
  -5.23377
  -9.39049
  -13.7395
  -17.4961
   -19.361
  -17.4717
  -10.4009
  0.631652
   10.9518
   16.0363
   15.9623
   14.0133
   12.1669
   10.2748
   7.74623
    4.4394
   0.76305
  -2.58849
  -5.08806
  -6.33208
  -5.69167
  -2.77335
 -0.750452
 -0.364178
-0.0646538
  0.177441
  0.424214
  0.476668
  -0.17452
  -1.95236
  -4.84556
  -8.47244
  -12.2882
  -15.6398
  -17.6511
  -17.0713
  -12.4336
   -3.1682
   8.44643
   17.2005
    19.238
   16.0808
   12.0546
   9.20816
    6.8046
   3.83445
  0.184347
  -3.57768
  -6.67292
  -8.59366
  -9.08413
  -7.83023
  -4.78515
 -0.269936
  0.266581
  0.535817
  0.619064
  0.597729
  0.244353
 -0.935724
  -3.22904
  -6.42062
  -9.95396
  -13.1605
  -15.2888
   -15.409
  -12.4034
   -5.3919
   5.03237
   15.4525
   20.8414
   19.0595
   13.1047
   7.57754
   4.28477
   2.00137
 -0.717163
  -3.96092
  -6.97143
  -8.97237
  -9.67392
  -9.16003
  -7.48537
  -4.82672
  0.999317
   1.56058
   1.68534
   1.53172
   1.22732
  0.539197
  -1.00449
   -3.5731
  -6.78543
  -9.94013
  -12.2577
  -12.9042
  -10.9607
  -5.62647
    3.0512
   13.0266
   20.1187
   20.7185
   15.2316
   7.56024
   1.53918
  -1.56793
  -3.12004
  -4.84886
  -6.93247
  -8.49667
  -8.86763
  -8.11521
  -6.72888
   -5.0446
   -3.2699
   2.65691
   3.11576
   2.98136
   2.51931
    1.9352
   1.01389
 -0.691393
   -3.2585
    -6.176
  -8.61923
  -9.70788
  -8.56416
  -4.42194
   2.88358
    11.973
   19.3862
   21.2418
   16.6661
   8.60184
   0.79946
   -4.5261
  -6.87185
  -7.32304
   -7.5472
  -7.94361
  -7.72095
  -6.39198
  -4.40359
  -2.57199
  -1.34061
 -0.768686
   4.36667
   4.61033
   4.12188
   3.30702
   2.47929
   1.46114
 -0.168703
  -2.42067
  -4.68514
   -6.0372
  -5.52728
  -2.33424
   3.90114
   12.2992
   19.9452
   22.6922
   18.4835
   9.73999
  0.896442
  -5.47703
  -9.08026
  -10.2498
  -9.58971
  -8.25618
  -6.85263
  -4.91891
  -2.22601
  0.497082
   2.27405
   2.72482
   2.03685
   5.91528
   5.86749
   4.97867
   3.82149
   2.83561
   1.89192
  0.594646
   -1.0179
   -2.2689
  -2.17311
  0.207539
   5.44642
   13.1528
   21.1031
   25.2227
   22.0999
   12.6437
   1.81457
  -5.98813
  -9.86548
  -11.1515
  -10.9465
  -9.45482
  -7.00949
  -4.16059
 -0.921151
   2.60178
   5.52274
   6.87355
   6.44268
   4.66873
   7.23521
   6.87652
   5.61401
   4.19717
   3.18822
   2.50464
   1.77652
   1.07675
    1.1114
   2.85254
   7.07861
   13.8503
   21.7358
   27.2956
   26.3978
   17.8124
   5.32025
  -5.25859
  -10.7237
  -11.7088
  -10.5986
  -9.05108
  -7.10895
  -4.27889
  -0.69108
   3.26368
   7.08309
   9.80177
   10.5684
   9.36602
   6.82172
   8.37204
   7.74539
   6.21274
   4.68131
   3.80501
   3.53453
   3.52706
   3.87542
   5.26034
   8.52582
   14.0927
    21.271
   27.5874
    29.128
   23.0943
    10.975
  -1.86794
   -10.356
  -12.8893
  -11.1544
  -7.99925
  -5.35648
   -3.2934
 -0.757917
   2.75436
   6.77791
    10.454
   12.7522
   12.9703
   11.2502
   8.31145
    9.3796
   8.57163
   6.92368
   5.44518
   4.82564
   5.02957
   5.74278
   7.05631
   9.55097
    13.804
   19.7045
   25.7661
   28.9233
   25.8942
   16.0802
   3.02929
  -7.91427
  -13.2605
  -12.8394
  -8.90026
  -4.31828
  -1.00259
  0.935967
   2.76934
   5.54962
    9.0472
   12.2353
   14.0329
   13.8636
   11.9554
   9.01297
   10.1555
   9.25667
    7.6529
   6.36491
   6.04592
   6.65479
   7.90485
   9.85399
   12.9018
   17.2473
   22.2036
   25.7451
   24.9811
   18.1389
   6.72117
  -4.92502
  -12.5579
  -14.3956
  -11.3351
  -5.84948
 -0.569951
   2.88537
   4.48931
    5.5023
   7.21481
   9.74475
   12.1724
   13.4553
    13.111
   11.3689
   8.81175
   10.2818
   9.34569
   7.90647
   6.88213
   6.81442
   7.63879
   9.08936
   11.1564
   14.0012
   17.4222
   20.3054
   20.5705
   16.2039
   7.17147
  -3.70104
  -12.3522
  -16.0328
  -14.4311
  -9.19965
  -2.84735
   2.40028
   5.42908
   6.47609
   6.71315
   7.33624
    8.6839
   10.1556
   10.9214
   10.6036
   9.36516
   7.57186
   8.98711
   8.01377
   6.80225
   6.05247
   6.12833
   6.92379
   8.18092
   9.79951
   11.7006
   13.3758
   13.5771
   10.6555
   3.80299
  -5.61954
  -14.3329
  -19.1395
  -18.7371
  -13.9948
  -7.12082
  -0.55411
   3.99724
   6.07517
    6.3251
   5.84862
   5.53952
   5.72378
   6.16062
   6.40587
   6.26108
    5.8048
   5.12452
   5.33026
   4.27975
   3.30773
   2.80773
   2.91871
   3.47284
   4.20379
   4.92091
   5.36438
   4.89417
   2.43689
  -2.93043
  -10.8708
  -19.1794
  -24.7267
  -25.3502
   -21.012
  -13.5466
  -5.59111
  0.575615
    3.8641
   4.56212
   3.78126
   2.58764
   1.52405
  0.731669
  0.213665
-0.0338477
 0.0675148
  0.567943
    1.2805
  -1.41927
  -2.61091
  -3.38096
  -3.67696
  -3.60363
  -3.41252
   -3.3962
  -3.81512
  -5.01408
  -7.57929
  -12.1913
  -18.9774
  -26.7167
  -32.8328
  -34.6531
  -31.0389
  -23.0581
  -13.3705
  -4.93151
  0.257408
   1.82663
  0.834029
  -1.17998
  -3.17501
  -4.88886
  -6.39264
  -7.61266
  -8.23649
  -7.87271
   -6.3821
  -4.12711
   -11.404
  -12.8414
  -13.5226
  -13.7032
  -13.7176
  -13.9217
  -14.6549
  -16.2204
  -18.9528
  -23.2428
  -29.2767
  -36.4571
  -42.9579
  -46.1415
  -43.9293
  -36.1703
  -24.9424
  -13.6216
  -5.34235
  -1.67203
  -2.16997
  -5.05317
  -8.46362
  -11.3979
  -13.7354
  -15.6603
   -17.177
  -17.9234
  -17.2887
  -14.9231
   -11.171
  -24.0361
  -25.9135
  -26.7402
  -26.9853
  -27.1675
  -27.7629
  -29.1818
   -31.752
  -35.7279
  -41.2215
  -47.9066
  -54.5759
   -59.018
  -58.7305
  -52.3164
  -40.6108
  -26.6437
  -14.3836
  -6.95299
  -5.29949
  -8.11637
   -13.008
  -17.9458
  -21.9647
  -24.9118
  -26.9338
  -28.2263
  -28.6962
  -27.7282
  -24.7115
  -19.7382
