2.741111687275531672e+00 4.971755285792661461e+00 8.210122213183922213e+00 -8.717023542160141858e+00 -5.235544919555598753e+00 -2.549961264542039530e+00 3.447089249083564511e+00 -3.683461262081842769e+00
1.203210195306138885e+01 -8.701636523203001516e+00 8.233235847700461463e+00 -9.520136293936750649e-01 -1.625349564255545998e+00 1.879793136279837684e+00 -1.928603155938588642e+01 2.977252067095983445e+00
8.888151326769628824e+00 4.252301984072207608e-01 -4.775487962356044225e-01 -1.394941923606368928e+00 -2.248495460454379202e+00 -7.694845841693781496e-01 -3.570513525145882494e-01 3.686942158876743481e+00
-5.861418383102615870e+00 1.020886872776845200e+00 2.779206036176191574e+01 2.343726343500022402e+00 -1.615236825656346520e+00 -4.129797237676370081e+00 -3.257367630536293746e+00 3.353254621655359091e-02
-1.512499262332331185e+01 1.307748284262295080e+01 8.581135976715472680e+00 1.111943417300917325e+01 6.908544233939079682e+00 -2.368192309875122081e+00 1.081429057799135052e+01 -7.144202912850623477e+00
1.932275942542238312e+01 -1.583955205636439434e+00 1.351608726432731089e+01 -7.676948977755345460e+00 -1.048054219511696239e+01 3.696920025740677573e+00 -5.785468534780361161e+00 8.685595055235074469e+00
-1.311119029557624316e+01 3.050293488555657628e+00 -1.610288804164515852e+01 -7.893056058531551233e-01 1.135192793810986922e+00 2.432036712411075996e+00 -1.560286192188827137e+00 -5.661526907549474075e+00
9.016195823819606048e+00 2.308960788110496765e+00 2.472230690152341381e+01 1.130521663168236302e+01 -7.928200849673821438e+00 -6.376764898502406131e-01 -4.193156516283942814e+00 3.625233699536504872e+00
5.277776419720394685e+00 -5.725082643407309879e-01 1.579661579515625025e+00 1.271515776244053209e+00 1.266886669663149778e+00 -5.497227703519354414e+00 -7.047856422953532984e+00 -1.575902629865269411e+00
7.569611976273605158e+00 -1.636898866513726514e+00 -5.085677959347613353e+00 4.254627539755960974e+00 -1.239833694144717668e+00 1.362309694692888407e+01 9.441610692252540460e+00 7.045010881147546478e-01
1.245855084355397047e+01 -4.526178676095327091e+00 2.466557312726904172e+01 -2.884081874956621494e+00 -6.609068150240736905e+00 7.415957152323533919e+00 -4.731517455828766927e+00 6.283203177397773231e+00
1.826740936920809943e+01 -4.064670966723644696e+00 1.089943886315205290e+01 -1.149745169780285536e+01 -1.216459070663125530e+01 6.156346898174600568e+00 -1.066399140753110686e+01 9.063505793031765734e+00
