-3.500000000000000000e+00
-3.492992992992992818e+00
-3.485985985985986080e+00
-3.478978978978978898e+00
-3.471971971971972160e+00
-3.464964964964964977e+00
-3.457957957957957795e+00
-3.450950950950951057e+00
-3.443943943943943875e+00
-3.436936936936937137e+00
-3.429929929929929955e+00
-3.422922922922922773e+00
-3.415915915915916035e+00
-3.408908908908908852e+00
-3.401901901901902114e+00
-3.394894894894894932e+00
-3.387887887887887750e+00
-3.380880880880881012e+00
-3.373873873873873830e+00
-3.366866866866867092e+00
-3.359859859859859910e+00
-3.352852852852852727e+00
-3.345845845845845989e+00
-3.338838838838838807e+00
-3.331831831831832069e+00
-3.324824824824824887e+00
-3.317817817817817705e+00
-3.310810810810810967e+00
-3.303803803803803785e+00
-3.296796796796796603e+00
-3.289789789789789864e+00
-3.282782782782782682e+00
-3.275775775775775944e+00
-3.268768768768768762e+00
-3.261761761761761580e+00
-3.254754754754754842e+00
-3.247747747747747660e+00
-3.240740740740740922e+00
-3.233733733733733740e+00
-3.226726726726726557e+00
-3.219719719719719819e+00
-3.212712712712712637e+00
-3.205705705705705899e+00
-3.198698698698698717e+00
-3.191691691691691535e+00
-3.184684684684684797e+00
-3.177677677677677615e+00
-3.170670670670670432e+00
-3.163663663663663694e+00
-3.156656656656656512e+00
-3.149649649649649774e+00
-3.142642642642642592e+00
-3.135635635635635410e+00
-3.128628628628628672e+00
-3.121621621621621490e+00
-3.114614614614614752e+00
-3.107607607607607569e+00
-3.100600600600600387e+00
-3.093593593593593649e+00
-3.086586586586586467e+00
-3.079579579579579729e+00
-3.072572572572572547e+00
-3.065565565565565365e+00
-3.058558558558558627e+00
-3.051551551551551444e+00
-3.044544544544544706e+00
-3.037537537537537524e+00
-3.030530530530530342e+00
-3.023523523523523604e+00
-3.016516516516516422e+00
-3.009509509509509684e+00
-3.002502502502502502e+00
-2.995495495495495319e+00
-2.988488488488488581e+00
-2.981481481481481399e+00
-2.974474474474474661e+00
-2.967467467467467479e+00
-2.960460460460460297e+00
-2.953453453453453559e+00
-2.946446446446446377e+00
-2.939439439439439639e+00
-2.932432432432432456e+00
-2.925425425425425274e+00
-2.918418418418418536e+00
-2.911411411411411354e+00
-2.904404404404404616e+00
-2.897397397397397434e+00
-2.890390390390390252e+00
-2.883383383383383514e+00
-2.876376376376376331e+00
-2.869369369369369593e+00
-2.862362362362362411e+00
-2.855355355355355229e+00
-2.848348348348348491e+00
-2.841341341341341309e+00
-2.834334334334334571e+00
-2.827327327327327389e+00
-2.820320320320320207e+00
-2.813313313313313468e+00
-2.806306306306306286e+00
-2.799299299299299548e+00
-2.792292292292292366e+00
-2.785285285285285184e+00
-2.778278278278278446e+00
-2.771271271271271264e+00
-2.764264264264264526e+00
-2.757257257257257343e+00
-2.750250250250250161e+00
-2.743243243243242979e+00
-2.736236236236236241e+00
-2.729229229229229503e+00
-2.722222222222222321e+00
-2.715215215215215139e+00
-2.708208208208207957e+00
-2.701201201201201219e+00
-2.694194194194194036e+00
-2.687187187187187298e+00
-2.680180180180180116e+00
-2.673173173173172934e+00
-2.666166166166166196e+00
-2.659159159159159014e+00
-2.652152152152152276e+00
-2.645145145145145094e+00
-2.638138138138137911e+00
-2.631131131131131173e+00
-2.624124124124123991e+00
-2.617117117117117253e+00
-2.610110110110110071e+00
-2.603103103103102889e+00
-2.596096096096096151e+00
-2.589089089089088969e+00
-2.582082082082082231e+00
-2.575075075075075048e+00
-2.568068068068067866e+00
-2.561061061061061128e+00
-2.554054054054053946e+00
-2.547047047047047208e+00
-2.540040040040040026e+00
-2.533033033033032844e+00
-2.526026026026026106e+00
-2.519019019019018923e+00
-2.512012012012012185e+00
-2.505005005005005003e+00
-2.497997997997997821e+00
-2.490990990990991083e+00
-2.483983983983983901e+00
-2.476976976976977163e+00
-2.469969969969969981e+00
-2.462962962962962798e+00
-2.455955955955956060e+00
-2.448948948948948878e+00
-2.441941941941942140e+00
-2.434934934934934958e+00
-2.427927927927927776e+00
-2.420920920920921038e+00
-2.413913913913913856e+00
-2.406906906906907118e+00
-2.399899899899899935e+00
-2.392892892892892753e+00
-2.385885885885885571e+00
-2.378878878878878833e+00
-2.371871871871872095e+00
-2.364864864864864913e+00
-2.357857857857857731e+00
-2.350850850850850549e+00
-2.343843843843843811e+00
-2.336836836836837072e+00
-2.329829829829829890e+00
-2.322822822822822708e+00
-2.315815815815815526e+00
-2.308808808808808788e+00
-2.301801801801802050e+00
-2.294794794794794868e+00
-2.287787787787787686e+00
-2.280780780780780503e+00
-2.273773773773773765e+00
-2.266766766766767027e+00
-2.259759759759759845e+00
-2.252752752752752663e+00
-2.245745745745745481e+00
-2.238738738738738743e+00
-2.231731731731732005e+00
-2.224724724724724823e+00
-2.217717717717717640e+00
-2.210710710710710458e+00
-2.203703703703703720e+00
-2.196696696696696982e+00
-2.189689689689689800e+00
-2.182682682682682618e+00
-2.175675675675675436e+00
-2.168668668668668698e+00
-2.161661661661661959e+00
-2.154654654654654777e+00
-2.147647647647647595e+00
-2.140640640640640413e+00
-2.133633633633633675e+00
-2.126626626626626937e+00
-2.119619619619619755e+00
-2.112612612612612573e+00
-2.105605605605605390e+00
-2.098598598598598652e+00
-2.091591591591591914e+00
-2.084584584584584732e+00
-2.077577577577577550e+00
-2.070570570570570368e+00
-2.063563563563563630e+00
-2.056556556556556892e+00
-2.049549549549549710e+00
-2.042542542542542527e+00
-2.035535535535535345e+00
-2.028528528528528607e+00
-2.021521521521521425e+00
-2.014514514514514687e+00
-2.007507507507507505e+00
-2.000500500500500323e+00
-1.993493493493493585e+00
-1.986486486486486402e+00
-1.979479479479479442e+00
-1.972472472472472482e+00
-1.965465465465465522e+00
-1.958458458458458562e+00
-1.951451451451451380e+00
-1.944444444444444420e+00
-1.937437437437437460e+00
-1.930430430430430500e+00
-1.923423423423423539e+00
-1.916416416416416357e+00
-1.909409409409409397e+00
-1.902402402402402437e+00
-1.895395395395395477e+00
-1.888388388388388295e+00
-1.881381381381381335e+00
-1.874374374374374375e+00
-1.867367367367367414e+00
-1.860360360360360454e+00
-1.853353353353353272e+00
-1.846346346346346312e+00
-1.839339339339339352e+00
-1.832332332332332392e+00
-1.825325325325325432e+00
-1.818318318318318250e+00
-1.811311311311311290e+00
-1.804304304304304329e+00
-1.797297297297297369e+00
-1.790290290290290409e+00
-1.783283283283283227e+00
-1.776276276276276267e+00
-1.769269269269269307e+00
-1.762262262262262347e+00
-1.755255255255255165e+00
-1.748248248248248204e+00
-1.741241241241241244e+00
-1.734234234234234284e+00
-1.727227227227227324e+00
-1.720220220220220142e+00
-1.713213213213213182e+00
-1.706206206206206222e+00
-1.699199199199199262e+00
-1.692192192192192302e+00
-1.685185185185185119e+00
-1.678178178178178159e+00
-1.671171171171171199e+00
-1.664164164164164239e+00
-1.657157157157157279e+00
-1.650150150150150097e+00
-1.643143143143143137e+00
-1.636136136136136177e+00
-1.629129129129129216e+00
-1.622122122122122034e+00
-1.615115115115115074e+00
-1.608108108108108114e+00
-1.601101101101101154e+00
-1.594094094094094194e+00
-1.587087087087087012e+00
-1.580080080080080052e+00
-1.573073073073073092e+00
-1.566066066066066131e+00
-1.559059059059059171e+00
-1.552052052052051989e+00
-1.545045045045045029e+00
-1.538038038038038069e+00
-1.531031031031031109e+00
-1.524024024024024149e+00
-1.517017017017016967e+00
-1.510010010010010006e+00
-1.503003003003003046e+00
-1.495995995995996086e+00
-1.488988988988988904e+00
-1.481981981981982166e+00
-1.474974974974974984e+00
-1.467967967967967802e+00
-1.460960960960961064e+00
-1.453953953953953881e+00
-1.446946946946947143e+00
-1.439939939939939961e+00
-1.432932932932932779e+00
-1.425925925925926041e+00
-1.418918918918918859e+00
-1.411911911911912121e+00
-1.404904904904904939e+00
-1.397897897897897757e+00
-1.390890890890891018e+00
-1.383883883883883836e+00
-1.376876876876877098e+00
-1.369869869869869916e+00
-1.362862862862862734e+00
-1.355855855855855996e+00
-1.348848848848848814e+00
-1.341841841841842076e+00
-1.334834834834834894e+00
-1.327827827827827711e+00
-1.320820820820820973e+00
-1.313813813813813791e+00
-1.306806806806806609e+00
-1.299799799799799871e+00
-1.292792792792792689e+00
-1.285785785785785951e+00
-1.278778778778778769e+00
-1.271771771771771586e+00
-1.264764764764764848e+00
-1.257757757757757666e+00
-1.250750750750750928e+00
-1.243743743743743746e+00
-1.236736736736736564e+00
-1.229729729729729826e+00
-1.222722722722722644e+00
-1.215715715715715906e+00
-1.208708708708708723e+00
-1.201701701701701541e+00
-1.194694694694694803e+00
-1.187687687687687621e+00
-1.180680680680680883e+00
-1.173673673673673701e+00
-1.166666666666666519e+00
-1.159659659659659781e+00
-1.152652652652652598e+00
-1.145645645645645860e+00
-1.138638638638638678e+00
-1.131631631631631496e+00
-1.124624624624624758e+00
-1.117617617617617576e+00
-1.110610610610610838e+00
-1.103603603603603656e+00
-1.096596596596596473e+00
-1.089589589589589735e+00
-1.082582582582582553e+00
-1.075575575575575815e+00
-1.068568568568568633e+00
-1.061561561561561451e+00
-1.054554554554554713e+00
-1.047547547547547531e+00
-1.040540540540540349e+00
-1.033533533533533610e+00
-1.026526526526526428e+00
-1.019519519519519690e+00
-1.012512512512512508e+00
-1.005505505505505326e+00
-9.984984984984985878e-01
-9.914914914914914057e-01
-9.844844844844846676e-01
-9.774774774774774855e-01
-9.704704704704703033e-01
-9.634634634634635653e-01
-9.564564564564563831e-01
-9.494494494494496450e-01
-9.424424424424424629e-01
-9.354354354354352807e-01
-9.284284284284285427e-01
-9.214214214214213605e-01
-9.144144144144146225e-01
-9.074074074074074403e-01
-9.004004004004002581e-01
-8.933933933933935201e-01
-8.863863863863863379e-01
-8.793793793793795999e-01
-8.723723723723724177e-01
-8.653653653653652356e-01
-8.583583583583584975e-01
-8.513513513513513153e-01
-8.443443443443445773e-01
-8.373373373373373951e-01
-8.303303303303302130e-01
-8.233233233233234749e-01
-8.163163163163162928e-01
-8.093093093093095547e-01
-8.023023023023023725e-01
-7.952952952952951904e-01
-7.882882882882884523e-01
-7.812812812812812702e-01
-7.742742742742740880e-01
-7.672672672672673500e-01
-7.602602602602601678e-01
-7.532532532532534297e-01
-7.462462462462462476e-01
-7.392392392392390654e-01
-7.322322322322323274e-01
-7.252252252252251452e-01
-7.182182182182184071e-01
-7.112112112112112250e-01
-7.042042042042040428e-01
-6.971971971971973048e-01
-6.901901901901901226e-01
-6.831831831831833846e-01
-6.761761761761762024e-01
-6.691691691691690203e-01
-6.621621621621622822e-01
-6.551551551551551000e-01
-6.481481481481483620e-01
-6.411411411411411798e-01
-6.341341341341339977e-01
-6.271271271271272596e-01
-6.201201201201200774e-01
-6.131131131131133394e-01
-6.061061061061061572e-01
-5.990990990990989751e-01
-5.920920920920922370e-01
-5.850850850850850549e-01
-5.780780780780783168e-01
-5.710710710710711346e-01
-5.640640640640639525e-01
-5.570570570570572144e-01
-5.500500500500500323e-01
-5.430430430430428501e-01
-5.360360360360361121e-01
-5.290290290290289299e-01
-5.220220220220221918e-01
-5.150150150150150097e-01
-5.080080080080078275e-01
-5.010010010010010895e-01
-4.939939939939939073e-01
-4.869869869869871692e-01
-4.799799799799799871e-01
-4.729729729729728049e-01
-4.659659659659660669e-01
-4.589589589589588847e-01
-4.519519519519521467e-01
-4.449449449449449645e-01
-4.379379379379377824e-01
-4.309309309309310443e-01
-4.239239239239238621e-01
-4.169169169169171241e-01
-4.099099099099099419e-01
-4.029029029029027598e-01
-3.958958958958960217e-01
-3.888888888888888395e-01
-3.818818818818821015e-01
-3.748748748748749193e-01
-3.678678678678677372e-01
-3.608608608608609991e-01
-3.538538538538538170e-01
-3.468468468468470789e-01
-3.398398398398398967e-01
-3.328328328328327146e-01
-3.258258258258259765e-01
-3.188188188188187944e-01
-3.118118118118120563e-01
-3.048048048048048742e-01
-2.977977977977976920e-01
-2.907907907907909539e-01
-2.837837837837837718e-01
-2.767767767767765896e-01
-2.697697697697698516e-01
-2.627627627627626694e-01
-2.557557557557559313e-01
-2.487487487487487492e-01
-2.417417417417415670e-01
-2.347347347347348290e-01
-2.277277277277276468e-01
-2.207207207207209088e-01
-2.137137137137137266e-01
-2.067067067067065445e-01
-1.996996996996998064e-01
-1.926926926926926242e-01
-1.856856856856858862e-01
-1.786786786786787040e-01
-1.716716716716715219e-01
-1.646646646646647838e-01
-1.576576576576576016e-01
-1.506506506506508636e-01
-1.436436436436436814e-01
-1.366366366366364993e-01
-1.296296296296297612e-01
-1.226226226226225791e-01
-1.156156156156158410e-01
-1.086086086086086588e-01
-1.016016016016014767e-01
-9.459459459459473862e-02
-8.758758758758755647e-02
-8.058058058058081841e-02
-7.357357357357363625e-02
-6.656656656656645410e-02
-5.955955955955971604e-02
-5.255255255255253388e-02
-4.554554554554579582e-02
-3.853853853853861366e-02
-3.153153153153143151e-02
-2.452452452452469345e-02
-1.751751751751751129e-02
-1.051051051051032914e-02
-3.503503503503591077e-03
3.503503503503591077e-03
1.051051051051032914e-02
1.751751751751751129e-02
2.452452452452469345e-02
3.153153153153143151e-02
3.853853853853861366e-02
4.554554554554535173e-02
5.255255255255253388e-02
5.955955955955971604e-02
6.656656656656645410e-02
7.357357357357363625e-02
8.058058058058037432e-02
8.758758758758755647e-02
9.459459459459473862e-02
1.016016016016014767e-01
1.086086086086086588e-01
1.156156156156153969e-01
1.226226226226225791e-01
1.296296296296297612e-01
1.366366366366364993e-01
1.436436436436436814e-01
1.506506506506504195e-01
1.576576576576576016e-01
1.646646646646647838e-01
1.716716716716715219e-01
1.786786786786787040e-01
1.856856856856854421e-01
1.926926926926926242e-01
1.996996996996998064e-01
2.067067067067065445e-01
2.137137137137137266e-01
2.207207207207209088e-01
2.277277277277276468e-01
2.347347347347348290e-01
2.417417417417415670e-01
2.487487487487487492e-01
2.557557557557559313e-01
2.627627627627626694e-01
2.697697697697698516e-01
2.767767767767765896e-01
2.837837837837837718e-01
2.907907907907909539e-01
2.977977977977976920e-01
3.048048048048048742e-01
3.118118118118116122e-01
3.188188188188187944e-01
3.258258258258259765e-01
3.328328328328327146e-01
3.398398398398398967e-01
3.468468468468466348e-01
3.538538538538538170e-01
3.608608608608609991e-01
3.678678678678677372e-01
3.748748748748749193e-01
3.818818818818816574e-01
3.888888888888888395e-01
3.958958958958960217e-01
4.029029029029027598e-01
4.099099099099099419e-01
4.169169169169166800e-01
4.239239239239238621e-01
4.309309309309310443e-01
4.379379379379377824e-01
4.449449449449449645e-01
4.519519519519517026e-01
4.589589589589588847e-01
4.659659659659660669e-01
4.729729729729728049e-01
4.799799799799799871e-01
4.869869869869871692e-01
4.939939939939939073e-01
5.010010010010006454e-01
5.080080080080078275e-01
5.150150150150150097e-01
5.220220220220221918e-01
5.290290290290293740e-01
5.360360360360356680e-01
5.430430430430428501e-01
5.500500500500500323e-01
5.570570570570572144e-01
5.640640640640643966e-01
5.710710710710706906e-01
5.780780780780778727e-01
5.850850850850850549e-01
5.920920920920922370e-01
5.990990990990994192e-01
6.061061061061057131e-01
6.131131131131128953e-01
6.201201201201200774e-01
6.271271271271272596e-01
6.341341341341344418e-01
6.411411411411407357e-01
6.481481481481479179e-01
6.551551551551551000e-01
6.621621621621622822e-01
6.691691691691694643e-01
6.761761761761757583e-01
6.831831831831829405e-01
6.901901901901901226e-01
6.971971971971973048e-01
7.042042042042044869e-01
7.112112112112107809e-01
7.182182182182179631e-01
7.252252252252251452e-01
7.322322322322323274e-01
7.392392392392395095e-01
7.462462462462458035e-01
7.532532532532529856e-01
7.602602602602601678e-01
7.672672672672673500e-01
7.742742742742745321e-01
7.812812812812808261e-01
7.882882882882880082e-01
7.952952952952951904e-01
8.023023023023023725e-01
8.093093093093095547e-01
8.163163163163158487e-01
8.233233233233230308e-01
8.303303303303302130e-01
8.373373373373373951e-01
8.443443443443445773e-01
8.513513513513508713e-01
8.583583583583580534e-01
8.653653653653652356e-01
8.723723723723724177e-01
8.793793793793795999e-01
8.863863863863867820e-01
8.933933933933930760e-01
9.004004004004002581e-01
9.074074074074074403e-01
9.144144144144146225e-01
9.214214214214218046e-01
9.284284284284280986e-01
9.354354354354352807e-01
9.424424424424424629e-01
9.494494494494496450e-01
9.564564564564568272e-01
9.634634634634631212e-01
9.704704704704703033e-01
9.774774774774774855e-01
9.844844844844846676e-01
9.914914914914918498e-01
9.984984984984981438e-01
1.005505505505505326e+00
1.012512512512512508e+00
1.019519519519519690e+00
1.026526526526526872e+00
1.033533533533533166e+00
1.040540540540540349e+00
1.047547547547547531e+00
1.054554554554554713e+00
1.061561561561561895e+00
1.068568568568568189e+00
1.075575575575575371e+00
1.082582582582582553e+00
1.089589589589589735e+00
1.096596596596596918e+00
1.103603603603603212e+00
1.110610610610610394e+00
1.117617617617617576e+00
1.124624624624624758e+00
1.131631631631631940e+00
1.138638638638638234e+00
1.145645645645645416e+00
1.152652652652652598e+00
1.159659659659659781e+00
1.166666666666666963e+00
1.173673673673673257e+00
1.180680680680680439e+00
1.187687687687687621e+00
1.194694694694694803e+00
1.201701701701701985e+00
1.208708708708708279e+00
1.215715715715715461e+00
1.222722722722722644e+00
1.229729729729729826e+00
1.236736736736737008e+00
1.243743743743743302e+00
1.250750750750750484e+00
1.257757757757757666e+00
1.264764764764764848e+00
1.271771771771772030e+00
1.278778778778778324e+00
1.285785785785785507e+00
1.292792792792792689e+00
1.299799799799799871e+00
1.306806806806807053e+00
1.313813813813813347e+00
1.320820820820820529e+00
1.327827827827827711e+00
1.334834834834834894e+00
1.341841841841842076e+00
1.348848848848848370e+00
1.355855855855855552e+00
1.362862862862862734e+00
1.369869869869869916e+00
1.376876876876877098e+00
1.383883883883884280e+00
1.390890890890890574e+00
1.397897897897897757e+00
1.404904904904904939e+00
1.411911911911912121e+00
1.418918918918919303e+00
1.425925925925925597e+00
1.432932932932932779e+00
1.439939939939939961e+00
1.446946946946947143e+00
1.453953953953954326e+00
1.460960960960960620e+00
1.467967967967967802e+00
1.474974974974974984e+00
1.481981981981982166e+00
1.488988988988989348e+00
1.495995995995995642e+00
1.503003003003002824e+00
1.510010010010010006e+00
1.517017017017017189e+00
1.524024024024024371e+00
1.531031031031030665e+00
1.538038038038037847e+00
1.545045045045045029e+00
1.552052052052052211e+00
1.559059059059059393e+00
1.566066066066065687e+00
1.573073073073072869e+00
1.580080080080080052e+00
1.587087087087087234e+00
1.594094094094094416e+00
1.601101101101100710e+00
1.608108108108107892e+00
1.615115115115115074e+00
1.622122122122122256e+00
1.629129129129129439e+00
1.636136136136135732e+00
1.643143143143142915e+00
1.650150150150150097e+00
1.657157157157157279e+00
1.664164164164164461e+00
1.671171171171170755e+00
1.678178178178177937e+00
1.685185185185185119e+00
1.692192192192192302e+00
1.699199199199199484e+00
1.706206206206205778e+00
1.713213213213212960e+00
1.720220220220220142e+00
1.727227227227227324e+00
1.734234234234234506e+00
1.741241241241240800e+00
1.748248248248247982e+00
1.755255255255255165e+00
1.762262262262262347e+00
1.769269269269269529e+00
1.776276276276275823e+00
1.783283283283283005e+00
1.790290290290290187e+00
1.797297297297297369e+00
1.804304304304304551e+00
1.811311311311310845e+00
1.818318318318318028e+00
1.825325325325325210e+00
1.832332332332332392e+00
1.839339339339339574e+00
1.846346346346345868e+00
1.853353353353353050e+00
1.860360360360360232e+00
1.867367367367367414e+00
1.874374374374374597e+00
1.881381381381380891e+00
1.888388388388388073e+00
1.895395395395395255e+00
1.902402402402402437e+00
1.909409409409409619e+00
1.916416416416416801e+00
1.923423423423423095e+00
1.930430430430430278e+00
1.937437437437437460e+00
1.944444444444444642e+00
1.951451451451451824e+00
1.958458458458458118e+00
1.965465465465465300e+00
1.972472472472472482e+00
1.979479479479479664e+00
1.986486486486486847e+00
1.993493493493493141e+00
2.000500500500500323e+00
2.007507507507507505e+00
2.014514514514514687e+00
2.021521521521521869e+00
2.028528528528528163e+00
2.035535535535535345e+00
2.042542542542542527e+00
2.049549549549549710e+00
2.056556556556556892e+00
2.063563563563563186e+00
2.070570570570570368e+00
2.077577577577577550e+00
2.084584584584584732e+00
2.091591591591591914e+00
2.098598598598598208e+00
2.105605605605605390e+00
2.112612612612612573e+00
2.119619619619619755e+00
2.126626626626626937e+00
2.133633633633633231e+00
2.140640640640640413e+00
2.147647647647647595e+00
2.154654654654654777e+00
2.161661661661661959e+00
2.168668668668668253e+00
2.175675675675675436e+00
2.182682682682682618e+00
2.189689689689689800e+00
2.196696696696696982e+00
2.203703703703703276e+00
2.210710710710710458e+00
2.217717717717717640e+00
2.224724724724724823e+00
2.231731731731732005e+00
2.238738738738738299e+00
2.245745745745745481e+00
2.252752752752752663e+00
2.259759759759759845e+00
2.266766766766767027e+00
2.273773773773773321e+00
2.280780780780780503e+00
2.287787787787787686e+00
2.294794794794794868e+00
2.301801801801802050e+00
2.308808808808808344e+00
2.315815815815815526e+00
2.322822822822822708e+00
2.329829829829829890e+00
2.336836836836837072e+00
2.343843843843843366e+00
2.350850850850850549e+00
2.357857857857857731e+00
2.364864864864864913e+00
2.371871871871872095e+00
2.378878878878878389e+00
2.385885885885885571e+00
2.392892892892892753e+00
2.399899899899899935e+00
2.406906906906907118e+00
2.413913913913914300e+00
2.420920920920920594e+00
2.427927927927927776e+00
2.434934934934934958e+00
2.441941941941942140e+00
2.448948948948949322e+00
2.455955955955955616e+00
2.462962962962962798e+00
2.469969969969969981e+00
2.476976976976977163e+00
2.483983983983984345e+00
2.490990990990990639e+00
2.497997997997997821e+00
2.505005005005005003e+00
2.512012012012012185e+00
2.519019019019019368e+00
2.526026026026025662e+00
2.533033033033032844e+00
2.540040040040040026e+00
2.547047047047047208e+00
2.554054054054054390e+00
2.561061061061060684e+00
2.568068068068067866e+00
2.575075075075075048e+00
2.582082082082082231e+00
2.589089089089089413e+00
2.596096096096095707e+00
2.603103103103102889e+00
2.610110110110110071e+00
2.617117117117117253e+00
2.624124124124124435e+00
2.631131131131130729e+00
2.638138138138137911e+00
2.645145145145145094e+00
2.652152152152152276e+00
2.659159159159159458e+00
2.666166166166165752e+00
2.673173173173172934e+00
2.680180180180180116e+00
2.687187187187187298e+00
2.694194194194194480e+00
2.701201201201200774e+00
2.708208208208207957e+00
2.715215215215215139e+00
2.722222222222222321e+00
2.729229229229229503e+00
2.736236236236235797e+00
2.743243243243242979e+00
2.750250250250250161e+00
2.757257257257257343e+00
2.764264264264264526e+00
2.771271271271270820e+00
2.778278278278278002e+00
2.785285285285285184e+00
2.792292292292292366e+00
2.799299299299299548e+00
2.806306306306305842e+00
2.813313313313313024e+00
2.820320320320320207e+00
2.827327327327327389e+00
2.834334334334334571e+00
2.841341341341340865e+00
2.848348348348348047e+00
2.855355355355355229e+00
2.862362362362362411e+00
2.869369369369369593e+00
2.876376376376375887e+00
2.883383383383383070e+00
2.890390390390390252e+00
2.897397397397397434e+00
2.904404404404404616e+00
2.911411411411411798e+00
2.918418418418418092e+00
2.925425425425425274e+00
2.932432432432432456e+00
2.939439439439439639e+00
2.946446446446446821e+00
2.953453453453453115e+00
2.960460460460460297e+00
2.967467467467467479e+00
2.974474474474474661e+00
2.981481481481481843e+00
2.988488488488488137e+00
2.995495495495495319e+00
3.002502502502502502e+00
3.009509509509509684e+00
3.016516516516516866e+00
3.023523523523523160e+00
3.030530530530530342e+00
3.037537537537537524e+00
3.044544544544544706e+00
3.051551551551551889e+00
3.058558558558558182e+00
3.065565565565565365e+00
3.072572572572572547e+00
3.079579579579579729e+00
3.086586586586586911e+00
3.093593593593593205e+00
3.100600600600600387e+00
3.107607607607607569e+00
3.114614614614614752e+00
3.121621621621621934e+00
3.128628628628628228e+00
3.135635635635635410e+00
3.142642642642642592e+00
3.149649649649649774e+00
3.156656656656656956e+00
3.163663663663663250e+00
3.170670670670670432e+00
3.177677677677677615e+00
3.184684684684684797e+00
3.191691691691691979e+00
3.198698698698698273e+00
3.205705705705705455e+00
3.212712712712712637e+00
3.219719719719719819e+00
3.226726726726727001e+00
3.233733733733733295e+00
3.240740740740740478e+00
3.247747747747747660e+00
3.254754754754754842e+00
3.261761761761762024e+00
3.268768768768768318e+00
3.275775775775775500e+00
3.282782782782782682e+00
3.289789789789789864e+00
3.296796796796797047e+00
3.303803803803803341e+00
3.310810810810810523e+00
3.317817817817817705e+00
3.324824824824824887e+00
3.331831831831832069e+00
3.338838838838838363e+00
3.345845845845845545e+00
3.352852852852852727e+00
3.359859859859859910e+00
3.366866866866867092e+00
3.373873873873873386e+00
3.380880880880880568e+00
3.387887887887887750e+00
3.394894894894894932e+00
3.401901901901902114e+00
3.408908908908908408e+00
3.415915915915915591e+00
3.422922922922922773e+00
3.429929929929929955e+00
3.436936936936937137e+00
3.443943943943944319e+00
3.450950950950950613e+00
3.457957957957957795e+00
3.464964964964964977e+00
3.471971971971972160e+00
3.478978978978979342e+00
3.485985985985985636e+00
3.492992992992992818e+00
3.500000000000000000e+00
