-3.500000000000000000e+00
-3.485971943887775648e+00
-3.471943887775551296e+00
-3.457915831663326500e+00
-3.443887775551102148e+00
-3.429859719438877796e+00
-3.415831663326653445e+00
-3.401803607214428649e+00
-3.387775551102204297e+00
-3.373747494989979945e+00
-3.359719438877755593e+00
-3.345691382765531241e+00
-3.331663326653306445e+00
-3.317635270541082093e+00
-3.303607214428857741e+00
-3.289579158316633389e+00
-3.275551102204408593e+00
-3.261523046092184241e+00
-3.247494989979959890e+00
-3.233466933867735538e+00
-3.219438877755511186e+00
-3.205410821643286390e+00
-3.191382765531062038e+00
-3.177354709418837686e+00
-3.163326653306613334e+00
-3.149298597194388982e+00
-3.135270541082164186e+00
-3.121242484969939834e+00
-3.107214428857715482e+00
-3.093186372745491131e+00
-3.079158316633266779e+00
-3.065130260521041983e+00
-3.051102204408817631e+00
-3.037074148296593279e+00
-3.023046092184368483e+00
-3.009018036072144131e+00
-2.994989979959919779e+00
-2.980961923847695427e+00
-2.966933867735471075e+00
-2.952905811623246279e+00
-2.938877755511021928e+00
-2.924849699398797576e+00
-2.910821643286573224e+00
-2.896793587174348872e+00
-2.882765531062124076e+00
-2.868737474949899724e+00
-2.854709418837675372e+00
-2.840681362725451020e+00
-2.826653306613226668e+00
-2.812625250501001872e+00
-2.798597194388777520e+00
-2.784569138276553169e+00
-2.770541082164328373e+00
-2.756513026052104465e+00
-2.742484969939879669e+00
-2.728456913827655317e+00
-2.714428857715430965e+00
-2.700400801603206169e+00
-2.686372745490981817e+00
-2.672344689378757465e+00
-2.658316633266533113e+00
-2.644288577154308761e+00
-2.630260521042083965e+00
-2.616232464929859614e+00
-2.602204408817635262e+00
-2.588176352705410910e+00
-2.574148296593186558e+00
-2.560120240480961762e+00
-2.546092184368737410e+00
-2.532064128256513058e+00
-2.518036072144288706e+00
-2.504008016032064354e+00
-2.489979959919839558e+00
-2.475951903807615206e+00
-2.461923847695390855e+00
-2.447895791583166059e+00
-2.433867735470942151e+00
-2.419839679358717355e+00
-2.405811623246493003e+00
-2.391783567134268651e+00
-2.377755511022043855e+00
-2.363727454909819947e+00
-2.349699398797595151e+00
-2.335671342685370799e+00
-2.321643286573146447e+00
-2.307615230460921651e+00
-2.293587174348697300e+00
-2.279559118236472948e+00
-2.265531062124248596e+00
-2.251503006012024244e+00
-2.237474949899799448e+00
-2.223446893787575096e+00
-2.209418837675350744e+00
-2.195390781563125948e+00
-2.181362725450902040e+00
-2.167334669338677244e+00
-2.153306613226452892e+00
-2.139278557114228541e+00
-2.125250501002003745e+00
-2.111222444889779837e+00
-2.097194388777555041e+00
-2.083166332665330689e+00
-2.069138276553106337e+00
-2.055110220440881541e+00
-2.041082164328657189e+00
-2.027054108216432837e+00
-2.013026052104208485e+00
-1.998997995991983911e+00
-1.984969939879759560e+00
-1.970941883767534986e+00
-1.956913827655310634e+00
-1.942885771543086060e+00
-1.928857715430861708e+00
-1.914829659318637356e+00
-1.900801603206412782e+00
-1.886773547094188430e+00
-1.872745490981963856e+00
-1.858717434869739504e+00
-1.844689378757514930e+00
-1.830661322645290578e+00
-1.816633266533066227e+00
-1.802605210420841653e+00
-1.788577154308617301e+00
-1.774549098196392727e+00
-1.760521042084168375e+00
-1.746492985971943801e+00
-1.732464929859719449e+00
-1.718436873747494875e+00
-1.704408817635270523e+00
-1.690380761523046171e+00
-1.676352705410821597e+00
-1.662324649298597246e+00
-1.648296593186372672e+00
-1.634268537074148320e+00
-1.620240480961923746e+00
-1.606212424849699394e+00
-1.592184368737474820e+00
-1.578156312625250468e+00
-1.564128256513026116e+00
-1.550100200400801542e+00
-1.536072144288577190e+00
-1.522044088176352616e+00
-1.508016032064128265e+00
-1.493987975951903913e+00
-1.479959919839679117e+00
-1.465931863727454765e+00
-1.451903807615230413e+00
-1.437875751503006061e+00
-1.423847695390781709e+00
-1.409819639278556913e+00
-1.395791583166332561e+00
-1.381763527054108209e+00
-1.367735470941883857e+00
-1.353707414829659506e+00
-1.339679358717434710e+00
-1.325651302605210358e+00
-1.311623246492986006e+00
-1.297595190380761654e+00
-1.283567134268536858e+00
-1.269539078156312506e+00
-1.255511022044088154e+00
-1.241482965931863802e+00
-1.227454909819639450e+00
-1.213426853707414654e+00
-1.199398797595190302e+00
-1.185370741482965951e+00
-1.171342685370741599e+00
-1.157314629258516803e+00
-1.143286573146292451e+00
-1.129258517034068099e+00
-1.115230460921843747e+00
-1.101202404809619395e+00
-1.087174348697394599e+00
-1.073146292585170247e+00
-1.059118236472945895e+00
-1.045090180360721543e+00
-1.031062124248497192e+00
-1.017034068136272396e+00
-1.003006012024048044e+00
-9.889779559118236918e-01
-9.749498997995993399e-01
-9.609218436873745439e-01
-9.468937875751501920e-01
-9.328657314629258401e-01
-9.188376753507014882e-01
-9.048096192384771363e-01
-8.907815631262523404e-01
-8.767535070140279885e-01
-8.627254509018036366e-01
-8.486973947895792847e-01
-8.346693386773544887e-01
-8.206412825651301368e-01
-8.066132264529057849e-01
-7.925851703406814330e-01
-7.785571142284570811e-01
-7.645290581162322852e-01
-7.505010020040079333e-01
-7.364729458917835814e-01
-7.224448897795592295e-01
-7.084168336673344335e-01
-6.943887775551100816e-01
-6.803607214428857297e-01
-6.663326653306613778e-01
-6.523046092184370259e-01
-6.382765531062122299e-01
-6.242484969939878781e-01
-6.102204408817635262e-01
-5.961923847695391743e-01
-5.821643286573143783e-01
-5.681362725450900264e-01
-5.541082164328656745e-01
-5.400801603206413226e-01
-5.260521042084169707e-01
-5.120240480961921747e-01
-4.979959919839678228e-01
-4.839679358717434710e-01
-4.699398797595191191e-01
-4.559118236472947672e-01
-4.418837675350699712e-01
-4.278557114228456193e-01
-4.138276553106212674e-01
-3.997995991983969155e-01
-3.857715430861721195e-01
-3.717434869739477676e-01
-3.577154308617234157e-01
-3.436873747494990639e-01
-3.296593186372747120e-01
-3.156312625250499160e-01
-3.016032064128255641e-01
-2.875751503006012122e-01
-2.735470941883768603e-01
-2.595190380761520643e-01
-2.454909819639277124e-01
-2.314629258517033605e-01
-2.174348697394790086e-01
-2.034068136272546568e-01
-1.893787575150298608e-01
-1.753507014028055089e-01
-1.613226452905811570e-01
-1.472945891783568051e-01
-1.332665330661324532e-01
-1.192384769539076572e-01
-1.052104208416833053e-01
-9.118236472945895343e-02
-7.715430861723460154e-02
-6.312625250500980556e-02
-4.909819639278545367e-02
-3.507014028056110178e-02
-2.104208416833674988e-02
-7.014028056112397991e-03
7.014028056112397991e-03
2.104208416833674988e-02
3.507014028056110178e-02
4.909819639278545367e-02
6.312625250501024965e-02
7.715430861723460154e-02
9.118236472945895343e-02
1.052104208416833053e-01
1.192384769539076572e-01
1.332665330661324532e-01
1.472945891783568051e-01
1.613226452905811570e-01
1.753507014028055089e-01
1.893787575150303049e-01
2.034068136272546568e-01
2.174348697394790086e-01
2.314629258517033605e-01
2.454909819639277124e-01
2.595190380761525084e-01
2.735470941883768603e-01
2.875751503006012122e-01
3.016032064128255641e-01
3.156312625250503601e-01
3.296593186372747120e-01
3.436873747494990639e-01
3.577154308617234157e-01
3.717434869739477676e-01
3.857715430861725636e-01
3.997995991983969155e-01
4.138276553106212674e-01
4.278557114228456193e-01
4.418837675350699712e-01
4.559118236472947672e-01
4.699398797595191191e-01
4.839679358717434710e-01
4.979959919839678228e-01
5.120240480961921747e-01
5.260521042084169707e-01
5.400801603206417667e-01
5.541082164328656745e-01
5.681362725450904705e-01
5.821643286573143783e-01
5.961923847695391743e-01
6.102204408817639703e-01
6.242484969939878781e-01
6.382765531062126740e-01
6.523046092184365818e-01
6.663326653306613778e-01
6.803607214428861738e-01
6.943887775551100816e-01
7.084168336673348776e-01
7.224448897795587854e-01
7.364729458917835814e-01
7.505010020040083774e-01
7.645290581162322852e-01
7.785571142284570811e-01
7.925851703406809889e-01
8.066132264529057849e-01
8.206412825651305809e-01
8.346693386773544887e-01
8.486973947895792847e-01
8.627254509018040807e-01
8.767535070140279885e-01
8.907815631262527845e-01
9.048096192384766923e-01
9.188376753507014882e-01
9.328657314629262842e-01
9.468937875751501920e-01
9.609218436873749880e-01
9.749498997995988958e-01
9.889779559118236918e-01
1.003006012024048488e+00
1.017034068136272396e+00
1.031062124248497192e+00
1.045090180360721099e+00
1.059118236472945895e+00
1.073146292585170691e+00
1.087174348697394599e+00
1.101202404809619395e+00
1.115230460921843303e+00
1.129258517034068099e+00
1.143286573146292895e+00
1.157314629258516803e+00
1.171342685370741599e+00
1.185370741482966395e+00
1.199398797595190302e+00
1.213426853707415098e+00
1.227454909819639006e+00
1.241482965931863802e+00
1.255511022044088598e+00
1.269539078156312506e+00
1.283567134268537302e+00
1.297595190380761210e+00
1.311623246492986006e+00
1.325651302605210802e+00
1.339679358717434710e+00
1.353707414829659506e+00
1.367735470941883413e+00
1.381763527054108209e+00
1.395791583166333005e+00
1.409819639278556913e+00
1.423847695390781709e+00
1.437875751503005617e+00
1.451903807615230413e+00
1.465931863727455209e+00
1.479959919839679117e+00
1.493987975951903913e+00
1.508016032064128709e+00
1.522044088176352616e+00
1.536072144288577412e+00
1.550100200400801320e+00
1.564128256513026116e+00
1.578156312625250912e+00
1.592184368737474820e+00
1.606212424849699616e+00
1.620240480961923524e+00
1.634268537074148320e+00
1.648296593186373116e+00
1.662324649298597024e+00
1.676352705410821819e+00
1.690380761523045727e+00
1.704408817635270523e+00
1.718436873747495319e+00
1.732464929859719227e+00
1.746492985971944023e+00
1.760521042084168819e+00
1.774549098196392727e+00
1.788577154308617523e+00
1.802605210420841431e+00
1.816633266533066227e+00
1.830661322645291023e+00
1.844689378757514930e+00
1.858717434869739726e+00
1.872745490981963634e+00
1.886773547094188430e+00
1.900801603206413226e+00
1.914829659318637134e+00
1.928857715430861930e+00
1.942885771543085838e+00
1.956913827655310634e+00
1.970941883767535430e+00
1.984969939879759337e+00
1.998997995991984133e+00
2.013026052104208041e+00
2.027054108216432837e+00
2.041082164328657633e+00
2.055110220440881541e+00
2.069138276553106337e+00
2.083166332665331133e+00
2.097194388777555041e+00
2.111222444889779837e+00
2.125250501002003745e+00
2.139278557114228541e+00
2.153306613226453337e+00
2.167334669338677244e+00
2.181362725450902040e+00
2.195390781563125948e+00
2.209418837675350744e+00
2.223446893787575540e+00
2.237474949899799448e+00
2.251503006012024244e+00
2.265531062124248152e+00
2.279559118236472948e+00
2.293587174348697744e+00
2.307615230460921651e+00
2.321643286573146447e+00
2.335671342685371243e+00
2.349699398797595151e+00
2.363727454909819947e+00
2.377755511022043855e+00
2.391783567134268651e+00
2.405811623246493447e+00
2.419839679358717355e+00
2.433867735470942151e+00
2.447895791583166059e+00
2.461923847695390855e+00
2.475951903807615651e+00
2.489979959919839558e+00
2.504008016032064354e+00
2.518036072144288262e+00
2.532064128256513058e+00
2.546092184368737854e+00
2.560120240480961762e+00
2.574148296593186558e+00
2.588176352705410466e+00
2.602204408817635262e+00
2.616232464929860058e+00
2.630260521042083965e+00
2.644288577154308761e+00
2.658316633266533557e+00
2.672344689378757465e+00
2.686372745490982261e+00
2.700400801603206169e+00
2.714428857715430965e+00
2.728456913827655761e+00
2.742484969939879669e+00
2.756513026052104465e+00
2.770541082164328373e+00
2.784569138276553169e+00
2.798597194388777964e+00
2.812625250501001872e+00
2.826653306613226668e+00
2.840681362725450576e+00
2.854709418837675372e+00
2.868737474949900168e+00
2.882765531062124076e+00
2.896793587174348872e+00
2.910821643286572780e+00
2.924849699398797576e+00
2.938877755511022372e+00
2.952905811623246279e+00
2.966933867735471075e+00
2.980961923847695871e+00
2.994989979959919779e+00
3.009018036072144575e+00
3.023046092184368483e+00
3.037074148296593279e+00
3.051102204408818075e+00
3.065130260521041983e+00
3.079158316633266779e+00
3.093186372745490686e+00
3.107214428857715482e+00
3.121242484969940278e+00
3.135270541082164186e+00
3.149298597194388982e+00
3.163326653306612890e+00
3.177354709418837686e+00
3.191382765531062482e+00
3.205410821643286390e+00
3.219438877755511186e+00
3.233466933867735094e+00
3.247494989979959890e+00
3.261523046092184686e+00
3.275551102204408593e+00
3.289579158316633389e+00
3.303607214428858185e+00
3.317635270541082093e+00
3.331663326653306889e+00
3.345691382765530797e+00
3.359719438877755593e+00
3.373747494989980389e+00
3.387775551102204297e+00
3.401803607214429093e+00
3.415831663326653000e+00
3.429859719438877796e+00
3.443887775551102592e+00
3.457915831663326500e+00
3.471943887775551296e+00
3.485971943887775204e+00
3.500000000000000000e+00
