-1.702780296577884656e+00
-1.641550471790344190e+00
-1.581323372499872093e+00
-1.522091437666887259e+00
-1.463846944307542586e+00
-1.406582009632270314e+00
-1.350288593257529257e+00
-1.294958499489691661e+00
-1.240583379680103349e+00
-1.187154734650324173e+00
-1.134663917186344406e+00
-1.083102134600846256e+00
-1.032460451362220866e+00
-9.827297917892590107e-01
-9.339009428103697275e-01
-8.859645567859608661e-01
-8.389111543929157477e-01
-7.927311275697235260e-01
-7.474147425210819762e-01
-7.029521427806066924e-01
-6.593333523302433719e-01
-6.165482787751201954e-01
-5.745867165722895464e-01
-5.334383503120623260e-01
-4.930927580504249619e-01
-4.535394146910505242e-01
-4.147676954154597695e-01
-3.767668791597760247e-01
-3.395261521365497970e-01
-3.030346114001076785e-01
-2.672812684538339312e-01
-2.322550528977895823e-01
-1.979448161150951790e-01
-1.643393349953683469e-01
-1.314273156936778264e-01
-9.919739742325539567e-02
-6.763815628033675864e-02
-3.673810909944741354e-02
-6.485717337417540307e-03
2.313060901561314608e-02
5.212250749987212828e-02
8.050165922612961822e-02
1.082797848940177943e-01
1.354686407903837875e-01
1.620800147693337578e-01
1.881257222157728393e-01
2.136176019942830351e-01
2.385675123850425905e-01
2.629873270086520165e-01
2.868889307416218060e-01
3.102842156243408311e-01
3.331850767633675048e-01
3.556034082297721000e-01
3.775510989554522467e-01
3.990400286291375664e-01
4.200820635939344072e-01
4.406890527482669739e-01
4.608728234519308131e-01
4.806451774391593545e-01
5.000178867404585503e-01
5.190026896150197189e-01
5.376112864955366888e-01
5.558553359471467559e-01
5.737464506423872734e-01
5.912961933538589676e-01
6.085160729663758872e-01
6.254175405104405172e-01
6.420119852186996212e-01
6.583107306071589448e-01
6.743250305829349145e-01
6.900660655801811316e-01
7.055449387259695726e-01
7.207726720377589658e-01
7.357602026542062745e-01
7.505183791008898098e-01
7.650579575926732545e-01
7.793895983743484024e-01
7.935238621010691773e-01
8.074712062603097706e-01
8.212419816368603520e-01
8.348464288223969021e-01
8.482946747712523106e-01
8.615967294038036073e-01
8.747624822590811533e-01
8.878016991979933437e-01
9.007240191586838307e-01
9.135389509654165963e-01
9.262558701924286098e-01
9.388840160840956628e-01
9.514324885328298009e-01
9.639102451159828888e-01
9.763260981931161098e-01
9.886887120648779614e-01
1.001006600194775942e+00
1.013288122495066723e+00
1.025541482677921223e+00
1.037774725673107135e+00
1.049995735113284034e+00
1.062212230888002651e+00
1.074431766767561136e+00
1.086661728097683799e+00
1.098909329566112092e+00
1.111181613042039551e+00
1.123485445489390777e+00
1.135827516954832639e+00
1.148214338631423637e+00
1.160652240998753193e+00
1.173147372040398650e+00
1.185705695539468252e+00
1.198332989453009922e+00
1.211034844365992846e+00
1.223816662025527080e+00
1.236683653956000661e+00
1.249640840155731070e+00
1.262693047875691477e+00
1.275844910480888217e+00
1.289100866394853107e+00
1.302465158127748879e+00
1.315941831388489192e+00
1.329534734281297759e+00
1.343247516587029011e+00
1.357083629129586022e+00
1.371046323227725239e+00
1.385138650232454971e+00
1.399363461150273658e+00
1.413723406352390022e+00
1.428220935370056566e+00
1.442858296776112326e+00
1.457637538152779300e+00
1.472560506145740078e+00
1.487628846604464705e+00
1.502844004808713052e+00
1.518207225781138980e+00
1.533719554685834652e+00
1.549381837312649779e+00
1.565194720647083315e+00
1.581158653525447377e+00
1.597273887375103563e+00
1.613540477039332011e+00
1.629958281686571198e+00
1.646526965803565723e+00
1.663246000271993985e+00
1.680114663528120111e+00
1.697132042804935459e+00
1.714297035456257223e+00
1.731608350362174420e+00
1.749064509415263480e+00
1.766663849086868243e+00
1.784404522072784882e+00
1.802284499017610564e+00
1.820301570317010675e+00
1.838453347997067944e+00
1.856737267669947844e+00
1.875150590564941488e+00
1.893690405634057328e+00
1.912353631731182002e+00
1.931137019863871540e+00
1.950037155516772813e+00
1.969050461045647182e+00
1.988173198140938958e+00
2.007401470359803319e+00
2.026731225725465269e+00
2.046158259392787837e+00
2.065678216378816323e+00
2.085286594357166123e+00
2.104978746514958310e+00
2.124749884471070160e+00
2.144595081254411895e+00
2.164509274340885803e+00
2.184487268747728805e+00
2.204523740183838232e+00
2.224613238254707248e+00
2.244750189720532862e+00
2.264928901806078976e+00
2.285143565560827206e+00
2.305388259267919349e+00
2.325656951900400671e+00
2.345943506623219488e+00
2.366241684339452256e+00
2.386545147279179435e+00
2.406847462629422729e+00
2.427142106203558747e+00
2.447422466148553077e+00
2.467681846688409397e+00
2.487913471902170492e+00
2.508110489534783660e+00
2.528265974839182029e+00
2.548372934447852511e+00
2.568424310272181543e+00
2.588412983427887504e+00
2.608331778184767025e+00
2.628173465939031672e+00
2.647930769206475965e+00
2.667596365634701705e+00
2.687162892032648465e+00
2.706622948415627672e+00
2.725969102064075944e+00
2.745193891594263302e+00
2.764289831039102197e+00
2.783249413937307182e+00
2.802065117429072494e+00
2.820729406356471625e+00
2.839234737366735928e+00
2.857573563016646112e+00
2.875738335876180329e+00
2.893721512629637616e+00
2.911515558172408813e+00
2.929112949701578206e+00
2.946506180798566188e+00
2.963687765501990867e+00
2.980650242368979352e+00
2.997386178523083089e+00
3.013888173687067074e+00
3.030148864198744185e+00
3.046160927008105368e+00
3.061917083653977301e+00
3.077410104218438747e+00
3.092632811257262304e+00
3.107578083704634508e+00
3.122238860750433442e+00
3.136608145688354998e+00
3.150679009733174496e+00
3.164444595805475657e+00
3.177898122282154514e+00
3.191032886711055117e+00
3.203842269488098804e+00
3.216319737495259901e+00
3.228458847697808665e+00
3.240253250699214327e+00
3.251696694252141473e+00
3.262783026723993896e+00
3.273506200515460929e+00
3.283860275430575015e+00
3.293839421996777261e+00
3.303437924733526376e+00
3.312650185368012590e+00
3.321470725996546136e+00
3.329894192190237412e+00
3.337915356043579251e+00
3.345529119164602161e+00
3.352730515605266692e+00
3.359514714730802876e+00
3.365877024026739051e+00
3.371812891842357551e+00
3.377317910069395523e+00
3.382387816754772292e+00
3.387018498646221509e+00
3.391205993669680563e+00
3.394946493337353211e+00
3.398236345085382304e+00
3.401072054540088541e+00
3.403450287711796030e+00
3.405367873115243693e+00
3.406821803815675231e+00
3.407809239399695489e+00
3.408327507870003714e+00
3.408374107463197245e+00
3.407946708389818724e+00
3.407043154495881687e+00
3.405661464845162634e+00
3.403799835221523296e+00
3.401456639550629824e+00
3.398630431240428074e+00
3.395319944439785242e+00
3.391524095214736523e+00
3.387241982641830518e+00
3.382472889818076034e+00
3.377216284787044387e+00
3.371471821380741751e+00
3.365239339976837663e+00
3.358518868170961458e+00
3.351310621363728703e+00
3.343615003262270680e+00
3.335432606296022229e+00
3.326764211946599215e+00
3.317610790991614600e+00
3.307973503662320347e+00
3.297853699715013853e+00
3.287252918416177394e+00
3.276172888441348352e+00
3.264615527687773522e+00
3.252582943000929205e+00
3.240077429815021226e+00
3.227101471707637614e+00
3.213657739868731156e+00
3.199749092484191593e+00
3.185378574034249510e+00
3.170549414507054742e+00
3.155265028527753035e+00
3.139529014403446006e+00
3.123345153084483794e+00
3.106717407042512757e+00
3.089649919065793338e+00
3.072147010972330339e+00
3.054213182241355184e+00
3.035853108563799196e+00
3.017071640312367187e+00
2.997873800931908139e+00
2.978264785250793967e+00
2.958249957714030653e+00
2.937834850538917575e+00
2.917025161794038812e+00
2.895826753402443998e+00
2.874245649069926412e+00
2.852288032139261631e+00
2.829960243371413053e+00
2.807268778654641750e+00
2.784220286642551390e+00
2.760821566322117615e+00
2.737079564512750807e+00
2.713001373297537100e+00
2.688594227387756774e+00
2.663865501421853299e+00
2.638822707200071616e+00
2.613473490855952708e+00
2.587825629965946561e+00
2.561887030598444692e+00
2.535665724303486801e+00
2.509169865044528880e+00
2.482407726073582843e+00
2.455387696751124338e+00
2.428118279312194261e+00
2.400608085580079987e+00
2.372865833629077770e+00
2.344900344397766290e+00
2.316720538254316786e+00
2.288335431515357676e+00
2.259754132919899128e+00
2.230985840059930059e+00
2.202039835769213028e+00
2.172925484471895263e+00
2.143652228492569645e+00
2.114229584329363476e+00
2.084667138891764804e+00
2.054974545704798761e+00
2.025161521081246363e+00
1.995237840263627938e+00
1.965213333537591422e+00
1.935097882318498108e+00
1.904901415212873150e+00
1.874633904056488998e+00
1.844305359930847654e+00
1.813925829159774183e+00
1.783505389287953991e+00
1.753054145043133172e+00
1.722582224283790708e+00
1.692099773934096829e+00
1.661616955907897930e+00
1.631143943023589671e+00
1.600690914911637286e+00
1.570268053916570761e+00
1.539885540995278745e+00
1.509553551613386002e+00
1.479282251641538037e+00
1.449081793253429895e+00
1.418962310827345030e+00
1.388933916853066775e+00
1.359006697845930534e+00
1.329190710269836595e+00
1.299495976471044756e+00
1.269932480624503146e+00
1.240510164694555773e+00
1.211238924411768725e+00
1.182128605267670274e+00
1.153188998529196541e+00
1.124429837274552257e+00
1.095860792452298504e+00
1.067491468965361401e+00
1.039331401781710129e+00
1.011390052073441792e+00
9.836768033859322191e-01
9.562009578388039888e-01
9.289717323603399191e-01
9.019982549570292329e-01
8.752895610199081800e-01
8.488545896692866188e-01
8.227021801395275613e-01
7.968410682054313243e-01
7.712798826518252326e-01
7.460271417879318356e-01
7.210912500080169929e-01
6.964804943998853526e-01
6.722030414026816114e-01
6.482669335154928048e-01
6.246800860582174542e-01
6.014502839860993433e-01
5.785851787593747630e-01
5.560922852693832574e-01
5.339789788225107747e-01
5.122524921833152556e-01
4.909199126781124689e-01
4.699881793603173930e-01
4.494640802388040757e-01
4.293542495704797402e-01
4.096651652183050385e-01
3.904031460758975447e-01
3.715743495598705093e-01
3.531847691710247039e-01
3.352402321254425166e-01
3.177463970565677087e-01
3.007087517892544914e-01
2.841326111867837900e-01
2.680231150718083155e-01
2.523852262221181753e-01
2.372237284421428727e-01
2.225432247110201711e-01
2.083481354080567727e-01
1.946426966163752603e-01
1.814309585054765528e-01
1.687167837934548387e-01
1.565038462895284033e-01
1.447956295175334973e-01
1.335954254210031944e-01
1.229063331503793405e-01
1.127312579329190073e-01
1.030729100257759268e-01
9.393380375272733507e-02
8.531625662497685503e-02
7.722238854640957328e-02
6.965412110366460408e-02
6.261317694132811917e-02
5.610107922252701579e-02
5.011915117516635432e-02
4.466851572400244719e-02
3.975009520872026247e-02
3.536461118814023669e-02
3.151258433063607034e-02
2.819433439081951015e-02
2.540998027249533053e-02
2.315944017786240178e-02
2.144243184289809992e-02
2.025847285881399173e-02
1.960688107945075809e-02
1.948677511442355875e-02
1.989707490780748961e-02
2.083650240210253163e-02
2.230358228718715488e-02
2.429664283392941881e-02
2.681381681208707887e-02
2.985304249209215152e-02
3.341206473027524132e-02
3.748843613705515887e-02
4.207951832757027277e-02
4.718248325420696526e-02
5.279431462043258916e-02
5.891180937530597628e-02
6.553157928801378596e-02
7.265005260172538448e-02
8.026347576604618561e-02
8.836791524730021330e-02
9.695925941583714847e-02
1.060332205095413094e-01
1.155853366726627279e-01
1.256109740690785626e-01
1.361053290690509010e-01
1.470634305085038729e-01
1.584801420198419519e-01
1.703501644332563736e-01
1.826680382474789865e-01
1.954281461688829047e-01
2.086247157178018896e-01
2.222518219009318452e-01
2.363033899486260969e-01
2.507731981158651813e-01
2.656548805456887541e-01
2.809419301937939317e-01
2.966277018130343279e-01
3.127054149964890173e-01
3.291681572777496179e-01
3.460088872870792920e-01
3.632204379620184720e-01
3.807955198110463124e-01
3.987267242288442537e-01
4.170065268616855447e-01
4.356272910214943339e-01
4.545812711470286205e-01
4.738606163106879321e-01
4.934573737693870310e-01
5.133634925579106945e-01
5.335708271231965893e-01
5.540711409978992252e-01
5.748561105116475334e-01
5.959173285383416729e-01
6.172463082778184562e-01
6.388344870702539202e-01
6.606732302415686542e-01
6.827538349781790972e-01
7.050675342293641901e-01
7.276055006355122146e-01
7.503588504805445147e-01
7.733186476667300857e-01
7.964759077101699614e-01
8.198216017551698265e-01
8.433466606057153925e-01
8.670419787723049332e-01
8.908984185323067795e-01
9.149068140020828466e-01
9.390579752190700846e-01
9.633426922319957564e-01
9.877517391974510730e-01
1.012275878480998648e+00
1.036905864760985896e+00
1.061632449133290024e+00
1.086446383215136313e+00
1.111338423246211127e+00
1.136299334185248089e+00
1.161319893800256464e+00
1.186390896750627588e+00
1.211503158659266610e+00
1.236647520172991177e+00
1.261814851009384730e+00
1.286996053988305633e+00
1.312182069046306410e+00
1.337363877232139897e+00
1.362532504681635892e+00
1.387679026570165730e+00
1.412794571040939084e+00
1.437870323107435677e+00
1.462897528528197988e+00
1.487867497652318294e+00
1.512771609233897419e+00
1.537601314213780990e+00
1.562348139466938512e+00
1.587003691513784176e+00
1.611559660193834453e+00
1.636007822300072911e+00
1.660340045172390200e+00
1.684548290248559121e+00
1.708624616571124522e+00
1.732561184248699648e+00
1.756350257870123333e+00
1.779984209869955869e+00
1.803455523843856323e+00
1.826756797812358224e+00
1.849880747431591477e+00
1.872820209149568038e+00
1.895568143306591624e+00
1.918117637178456958e+00
1.940461907961084309e+00
1.962594305695251728e+00
1.984508316130172201e+00
2.006197563524604099e+00
2.027655813384296568e+00
2.048876975134544587e+00
2.069855104726659789e+00
2.090584407177239701e+00
2.111059239039071223e+00
2.131274110802618527e+00
2.151223689227003355e+00
2.170902799599457644e+00
2.190306427922265264e+00
2.209429723026197223e+00
2.228267998609535283e+00
2.246816735201768278e+00
2.265071582051089827e+00
2.283028358934886537e+00
2.300683057892379590e+00
2.318031844878695402e+00
2.335071061339605514e+00
2.351797225706248717e+00
2.368207034809184375e+00
2.384297365211132558e+00
2.400065274457838349e+00
2.415508002246483876e+00
2.430622971511141817e+00
2.445407789424800971e+00
2.459860248317498055e+00
2.473978326510176018e+00
2.487760189063883853e+00
2.501204188443990173e+00
2.514308865099120549e+00
2.527072947954564608e+00
2.539495354819932160e+00
2.551575192710870965e+00
2.563311758084721781e+00
2.574704536989991688e+00
2.585753205129590171e+00
2.596457627837789772e+00
2.606817859970929074e+00
2.616834145711909532e+00
2.626506918288561199e+00
2.635836799606017244e+00
2.644824599793247799e+00
2.653471316663957857e+00
2.661778135092087272e+00
2.669746426302194831e+00
2.677377747075029735e+00
2.684673838868652407e+00
2.691636626855484327e+00
2.698268218875715885e+00
2.704570904307544765e+00
2.710547152854721364e+00
2.716199613251967904e+00
2.721531111888809917e+00
2.726544651352459603e+00
2.731243408890375424e+00
2.735630734793182750e+00
2.739710150698676294e+00
2.743485347817640640e+00
2.746960185082292227e+00
2.750138687218140809e+00
2.753025042740139483e+00
2.755623601873995909e+00
2.757938874403577767e+00
2.759975527445348131e+00
2.761738383150826426e+00
2.763232416338085251e+00
2.764462752053333361e+00
2.765434663063654597e+00
2.766153567282023662e+00
2.766625025125726722e+00
2.766854736809356119e+00
2.766848539573581789e+00
2.766612404850913531e+00
2.766152435369719331e+00
2.765474862197770278e+00
2.764586041726619925e+00
2.763492452598157900e+00
2.762200692574686478e+00
2.760717475353912764e+00
2.759049627330254939e+00
2.757204084303903180e+00
2.755187888139080776e+00
2.753008183372992690e+00
2.750672213776948372e+00
2.748187318871189166e+00
2.745560930394957300e+00
2.742800568733360755e+00
2.739913839302621223e+00
2.736908428895303391e+00
2.733792101987129186e+00
2.730572697007025429e+00
2.727258122572038701e+00
2.723856353688791643e+00
2.720375427923157119e+00
2.716823441539838235e+00
2.713208545613565281e+00
2.709538942113631332e+00
2.705822879963482919e+00
2.702068651077129235e+00
2.698284586374100513e+00
2.694479051774731460e+00
2.690660444177530142e+00
2.686837187420413553e+00
2.683017728227603982e+00
2.679210532143955437e+00
2.675424079458534887e+00
2.671666861119231573e+00
2.667947374640224467e+00
2.664274120004103796e+00
2.660655595560458053e+00
2.657100293922740164e+00
2.653616697865231799e+00
2.650213276221912384e+00
2.646898479789046910e+00
2.643680737233304878e+00
2.640568451007221373e+00
2.637569993273796154e+00
2.634693701842045321e+00
2.631947876115287244e+00
2.629340773053969738e+00
2.626880603154807758e+00
2.624575526448015506e+00
2.622433648514405746e+00
2.620463016524107402e+00
2.618671615298662658e+00
2.617067363398234647e+00
2.615658109235659445e+00
2.614451627219063212e+00
2.613455613924740906e+00
2.612677684301998760e+00
2.612125367911624529e+00
2.611806105199663275e+00
2.611727243808132037e+00
2.611896034924312548e+00
2.612319629670235344e+00
2.613005075533941568e+00
2.613959312844115868e+00
2.615189171289631354e+00
2.616701366485559177e+00
2.618502496587150397e+00
2.620599038953295157e+00
2.622997346860924228e+00
2.625703646271817071e+00
2.628724032653234843e+00
2.632064467853784784e+00
2.635730777035910855e+00
2.639728645666342022e+00
2.644063616565855313e+00
2.648741087019633511e+00
2.653766305949511572e+00
2.659144371149355202e+00
2.664880226584791956e+00
2.670978659758497464e+00
2.677444299142186512e+00
2.684281611676454737e+00
2.691494900339580720e+00
2.699088301786347177e+00
2.707065784057937741e+00
2.715431144363926741e+00
2.724188006937314555e+00
2.733339820963597511e+00
2.742889858584752094e+00
2.752841212979037611e+00
2.763196796517461529e+00
2.773959338997706858e+00
2.785131385956333805e+00
2.796715297059969796e+00
2.808713244576220625e+00
2.821127211924974620e+00
2.833958992310725566e+00
2.847210187436540529e+00
2.860882206300232156e+00
2.874976264073265675e+00
2.889493381062897992e+00
2.904434381758004946e+00
2.919799893959030612e+00
2.935590347992430793e+00
2.951805976009958865e+00
2.968446811373122607e+00
2.985512688123046487e+00
3.003003240536020080e+00
3.020917902764897356e+00
3.039255908566510733e+00
3.058016291115244201e+00
3.077197882902803272e+00
3.096799315724275470e+00
3.116819020750455138e+00
3.137255228686413489e+00
3.158105970016253927e+00
3.179369075333906558e+00
3.201042175759874819e+00
3.223122703443696224e+00
3.245607892151932461e+00
3.268494777941413076e+00
3.291780199917431649e+00
3.315460801076576036e+00
3.339533029233801464e+00
3.363993138033361419e+00
3.388837188043134496e+00
3.414061047931840065e+00
3.439660395728691533e+00
3.465630720164855738e+00
3.491967322096169557e+00
3.518665316006491572e+00
3.545719631590973808e+00
3.573125015418624706e+00
3.600876032673370197e+00
3.628967068972884569e+00
3.657392332264367774e+00
3.686145854796419208e+00
3.715221495166177945e+00
3.744612940440787519e+00
3.774313708352263319e+00
3.804317149564809597e+00
3.834616450013526912e+00
3.865204633313562788e+00
3.896074563238571820e+00
3.927218946267416300e+00
3.958630334198002920e+00
3.990301126827041855e+00
4.022223574694618442e+00
4.054389781892314026e+00
4.086791708933648515e+00
4.119421175685602954e+00
4.152269864359863227e+00
4.185329322562541421e+00
4.218590966400977749e+00
4.252046083646259689e+00
4.285685836950090533e+00
4.319501267114512544e+00
4.353483296413147130e+00
4.387622731962391498e+00
4.421910269141131167e+00
4.456336495057447777e+00
4.490891892060794532e+00
4.525566841298060083e+00
4.560351626311998530e+00
4.595236436680404601e+00
4.630211371694415767e+00
4.665266444074374519e+00
4.700391583721503785e+00
4.735576641503866924e+00
4.770811393074839479e+00
4.806085542722458470e+00
4.841388727247927015e+00
4.876710519871563676e+00
4.912040434164478775e+00
4.947367928004247517e+00
4.982682407552802673e+00
5.017973231254836186e+00
5.053229713854880956e+00
5.088441130431366588e+00
5.123596720445821262e+00
5.158685691805443341e+00
5.193697224937271706e+00
5.228620476872086087e+00
5.263444585336331194e+00
5.298158672850185269e+00
5.332751850829972717e+00
5.367213223693158675e+00
5.401531892964021253e+00
5.435696961378287284e+00
5.469697536984849506e+00
5.503522737242782625e+00
5.537161693111847249e+00
5.570603553134652941e+00
5.603837487508707582e+00
5.636852692146547383e+00
5.669638392722131215e+00
5.702183848701753099e+00
5.734478357357629896e+00
5.766511257762465092e+00
5.798271934763181257e+00
5.829749822932053682e+00
5.860934410493565672e+00
5.891815243225131837e+00
5.922381928330118228e+00
5.952624138281319865e+00
5.982531614633267658e+00
6.012094171801674491e+00
6.041301700808291208e+00
6.070144172989628828e+00
6.098611643667795512e+00
6.126694255781909959e+00
6.154382243478447201e+00
6.181665935658918976e+00
6.208535759483362781e+00
6.234982243828077308e+00
6.260996022696041940e+00
6.286567838578588585e+00
6.311688545766737768e+00
6.336349113610840078e+00
6.360540629727032602e+00
6.384254303149070608e+00
6.407481467424220867e+00
6.430213583651736009e+00
6.452442243462696680e+00
6.474159171939797730e+00
6.495356230475848314e+00
6.516025419569721144e+00
6.536158881558466582e+00
6.555748903284450257e+00
6.574787918696312516e+00
6.593268511382571084e+00
6.611183417036789578e+00
6.628525525853219413e+00
6.645287884851802218e+00
6.661463700131606380e+00
6.677046339051596391e+00
6.692029332337854797e+00
6.706406376116277102e+00
6.720171333869858543e+00
6.733318238319719207e+00
6.745841293229002389e+00
6.757734875128915242e+00
6.768993534966063486e+00
6.779611999670433597e+00
6.789585173643257754e+00
6.798908140164190428e+00
6.807576162717085211e+00
6.815584686233852274e+00
6.822929338255817378e+00
6.829605930012069948e+00
6.835610457414355245e+00
6.840939101968010583e+00
6.845588231598631168e+00
6.849554401394004621e+00
6.852834354261064576e+00
6.855425021497525861e+00
6.857323523277992550e+00
6.858527169054262629e+00
6.859033457869729844e+00
6.858840078587672195e+00
6.857944910033384467e+00
6.856346021050055306e+00
6.854041670468381753e+00
6.851030306989939866e+00
6.847310568984338985e+00
6.842881284200282188e+00
6.837741469390647531e+00
6.831890329851739274e+00
6.825327258876955128e+00
6.818051837125056025e+00
6.810063831903383047e+00
6.801363196366287056e+00
6.791950068629128090e+00
6.781824770798293933e+00
6.770987807917595802e+00
6.759439866831537636e+00
6.747181814965993674e+00
6.734214699026757955e+00
6.720539743616631867e+00
6.706158349771589755e+00
6.691072093416698507e+00
6.675282723742494539e+00
6.658792161502489648e+00
6.641602497232599767e+00
6.623715989393275549e+00
6.605135062435127935e+00
6.585862304788950183e+00
6.565900466780982825e+00
6.545252458474395851e+00
6.523921347437863005e+00
6.501910356442300198e+00
6.479222861086736174e+00
6.455862387354375898e+00
6.431832609099945586e+00
6.407137345469418932e+00
6.381780558253280944e+00
6.355766349174476915e+00
6.329098957112266888e+00
6.301782755263220182e+00
6.273822248240565003e+00
6.245222069113216534e+00
6.215986976385782903e+00
6.186121850920878629e+00
6.155631692805073385e+00
6.124521618159973535e+00
6.092796855899688779e+00
6.060462744436247107e+00
6.027524728334347159e+00
5.993988354916948147e+00
5.959859270823206323e+00
5.925143218520262600e+00
5.889846032770428508e+00
5.853973637055343460e+00
5.817532039958644319e+00
5.780527331508858779e+00
5.742965679483953423e+00
5.704853325679358989e+00
5.666196582141004967e+00
5.627001827365054609e+00
5.587275502466066968e+00
5.547024107315218444e+00
5.506254196650298027e+00
5.464972376159288103e+00
5.423185298539058508e+00
5.380899659531220180e+00
5.338122193936557736e+00
5.294859671610058882e+00
5.251118893438182056e+00
5.206906687300181247e+00
5.162229904015267934e+00
5.117095413277400695e+00
5.071510099579507269e+00
5.025480858128922534e+00
4.979014590755848957e+00
4.932118201816713565e+00
4.884798594094116098e+00
4.837062664695283232e+00
4.788917300950783940e+00
4.740369376315346273e+00
4.691425746272591013e+00
4.642093244245456773e+00
4.592378677514183494e+00
4.542288823143607601e+00
4.491830423921552295e+00
4.441010184310242082e+00
4.389834766412327838e+00
4.338310785953487070e+00
4.286444808283249586e+00
4.234243344395903108e+00
4.181712846973200115e+00
4.128859706450604961e+00
4.075690247108838093e+00
4.022210723192465309e+00
3.968427315057164506e+00
3.914346125347529792e+00
3.859973175206917517e+00
3.805314400521158547e+00
3.750375648197710632e+00
3.695162672481920652e+00
3.639681131312073603e+00
3.583936582714740027e+00
3.527934481242130715e+00
3.471680174452917100e+00
3.415178899438151561e+00
3.358435779393865062e+00
3.301455820241713468e+00
3.244243907299271257e+00
3.186804802001502068e+00
3.129143138674630009e+00
3.071263421364150759e+00
3.013170020718133557e+00
2.954867170927256481e+00
2.896358966723068917e+00
2.837649360435506196e+00
2.778742159111370569e+00
2.719641021694670258e+00
2.660349456270234114e+00
2.600870817371898625e+00
2.541208303356267351e+00
2.481364953843344878e+00
2.421343647225180362e+00
2.361147098243497666e+00
2.300777855637537783e+00
2.240238299863033689e+00
2.179530640883386994e+00
2.118656916034060700e+00
