-1.276906358163995003e+00
-1.248411260308584181e+00
-2.100726167531875355e+00
-1.551654595963900540e+00
-1.789533692689405209e+00
-9.154756118751652405e-01
-2.561051701456414920e-01
-4.821276423231093955e-01
-1.368629173048820480e+00
-4.693361239515110861e-01
-1.480658791236197036e+00
-5.135132773530777239e-01
-8.320367669110458886e-01
-5.864850306963707016e-01
-1.218692967852288422e+00
5.157179242181723078e-01
-5.204877463336707866e-01
-3.714808127279481953e-01
2.403618659649010558e-01
6.751282752087184313e-01
3.971853714958715198e-01
1.309352890652776047e+00
3.466731788918188117e-01
-1.266449768545572785e-01
-2.478565578402404102e-01
-5.820097391265508513e-01
2.630404884708320568e-01
1.293388172011078474e+00
1.864599527635491194e+00
-4.228647930391957743e-01
7.250163923177160852e-02
7.163559042592212434e-01
7.694608192078167264e-02
7.585585194401440745e-01
1.706276143297341008e+00
5.324477266572792411e-01
1.043229942633688845e-01
-3.335811777881942941e-01
1.878615239139931115e+00
1.121421891742522714e+00
-1.112890686808107876e-01
6.904932296060349861e-01
7.641084975610274999e-01
2.061530844989033717e+00
1.172652609580874916e+00
1.551830594883642389e+00
6.704369828855408775e-01
1.731820799059063720e+00
1.031360198501219072e+00
1.574955181738604271e+00
1.569505080610375858e+00
1.767776084996162345e+00
5.574317234927679277e-01
2.012792153887482449e+00
7.553604535794778974e-01
1.497039391956750176e+00
1.409186861752276032e+00
1.137249161861008329e+00
5.613001582767505049e-01
1.249562205893736566e+00
1.731248360140023923e+00
1.239549134014642950e+00
1.822385860355663745e+00
1.241639213949740972e+00
1.445357953427905517e+00
1.321258060911437937e+00
2.134868680735074076e+00
1.795972977251775404e+00
1.692746631131249790e+00
1.909276813963911801e+00
2.705830980330693247e+00
1.700553084884021571e+00
2.190648320094694679e+00
1.663473306155792031e+00
9.013612034692674024e-01
1.693875102525029597e+00
2.284313748160335944e+00
1.699917924399968028e+00
2.658391313384318444e+00
1.907484219811403259e+00
2.389561940113431593e+00
2.616688286039279721e+00
2.268776352857563516e+00
2.787557582972497006e+00
1.776672104556746845e+00
2.456461001677737510e+00
2.123057688270198362e+00
2.712163650317314545e+00
2.299564979790416519e+00
2.798195048749867908e+00
1.918629582137389100e+00
1.688596127773485778e+00
2.498733780933321214e+00
2.948816555406005957e+00
3.450978423746830615e+00
2.763695170253400946e+00
3.232983680777057334e+00
2.697143577786908608e+00
2.043216259759463860e+00
2.829235498470353161e+00
2.240726073834558907e+00
3.263967711868235533e+00
3.956360276045793878e+00
3.202371870846598245e+00
2.565507781494028805e+00
4.270450447675052885e+00
2.374988509002717407e+00
3.371775638897619221e+00
3.389441671207297002e+00
2.946587767925217705e+00
2.761421698288776927e+00
2.794009828845224863e+00
3.376926963825146455e+00
2.801201864643108497e+00
3.207853210679246558e+00
3.435991427401460463e+00
3.747683347611785898e+00
1.873992538454562151e+00
3.565822242185441748e+00
3.170699019563491206e+00
2.877282127696943803e+00
3.538760325890221381e+00
3.815647372911914026e+00
3.895672666288985564e+00
4.694951144916459818e+00
3.109671996751964151e+00
3.412039206348667086e+00
3.266119208203859703e+00
4.085652573160579060e+00
4.342124476936308319e+00
3.833314351637528983e+00
4.010544163028973763e+00
3.134900822346421201e+00
5.152577027717713420e+00
3.044754661621934755e+00
3.500281843510001600e+00
2.808394570650906807e+00
3.747454988418359445e+00
3.160917211603457844e+00
3.705457773440767433e+00
2.976909159805818383e+00
2.807425095607604781e+00
3.584256157280492072e+00
3.548190505588196153e+00
3.737889410517968969e+00
3.089079908217408743e+00
3.009345711196684370e+00
3.299190097935869925e+00
2.704050614053044921e+00
2.784421844641478128e+00
3.032745413528980638e+00
2.215369694423160674e+00
2.779043171980506877e+00
3.693084541022818357e+00
2.348879502242096962e+00
2.238892522673281427e+00
2.265476379765707371e+00
3.157437744119364176e+00
2.610584630021870911e+00
2.705225952069769679e+00
2.486215481042370445e+00
1.577576580564713726e+00
2.780941442405955755e+00
3.017784416827693494e+00
1.520972597955315475e+00
1.714435552282109088e+00
2.549854236176694045e+00
1.465484358921553376e+00
1.866074902847305594e+00
2.521119183099836292e+00
1.555542897525289847e+00
1.547597120526452263e+00
1.882435886579665096e+00
1.693170902605638739e+00
1.908767209200705528e+00
1.259908481151831516e+00
1.224779532973268026e+00
1.825789781747081397e+00
2.069422804714061925e+00
1.938890827212091938e+00
1.107765899744501459e+00
4.909847990115157046e-02
1.175866618537521946e+00
1.304999404237180416e+00
5.657042418071613898e-01
5.116040619501752706e-01
7.546316811781657030e-01
4.585729828368106387e-01
7.714743398288602672e-01
6.302589914211634836e-01
4.832595801371786792e-01
9.969455635619730582e-01
2.229932520317967071e-01
3.530996281799104741e-01
1.521632001590845551e+00
4.102211037776324898e-01
-1.316158679214429750e-02
3.968093493822641982e-01
2.721104110622816763e-01
1.163671101722635992e+00
5.875842745334416972e-02
5.853977818534745747e-01
1.095940980124214814e-01
-2.271216012464637446e-01
5.696232479638164703e-01
-2.663654716205976491e-01
3.470246154940320737e-03
3.066673069937191354e-01
5.980569311128478560e-01
2.774610239979808934e-01
1.174102920885273516e-01
-6.149384883787782918e-01
-5.181439608882921766e-01
2.296021444472567952e-01
7.389375502133942453e-01
1.928521917818548995e-02
-6.153403544701240291e-01
4.448331464007443947e-01
-8.768039299005419424e-03
-3.370296034094047988e-01
-5.190215069558724165e-02
1.721421676823080560e-01
-3.687200618908845207e-01
3.345277552201361138e-01
1.992697548556378040e-01
-6.646341991741216981e-01
-1.804773042666504845e-03
-8.438442871620583929e-01
4.224727084656274001e-01
2.072563258019335941e-02
1.093221046701906007e-02
3.313183500681743943e-01
9.642553407571474722e-01
9.015962004550552855e-01
1.181531859068840840e+00
3.827350524484617877e-01
7.613390570839713156e-01
3.733116664722742062e-01
9.316804732323988869e-01
4.022232875445627132e-01
1.124054632310201196e+00
6.205515273238380036e-01
-1.867862562202285970e-01
8.331469677175094013e-01
7.960377730351200221e-01
6.955752498645968451e-01
7.918986334799617000e-01
1.145017129110368348e+00
9.674270141129895917e-01
1.190499545729787556e+00
6.759356594496700454e-01
9.273592842967506300e-01
1.393293126804549864e+00
1.609722785849805549e+00
1.293217393825722761e+00
5.667111606669260615e-01
9.685684823824103340e-02
1.996212862396041121e+00
1.527268096867816283e+00
2.934163402999752535e+00
1.413504220796115485e+00
2.633723583467006968e-01
1.520243810715861787e+00
1.635671041579438434e+00
1.676237848649983375e+00
2.546878172987357303e+00
9.747429679892806176e-01
1.784750519300379423e+00
1.720073281851578262e+00
1.471698303339956659e+00
1.990164512467406777e+00
1.701172794421464962e+00
1.751725876406583060e+00
2.508350788117323482e+00
2.107350180993248223e+00
1.962291896627433418e+00
1.857216433109037501e+00
2.367931114805587267e+00
1.719001246291981921e+00
2.846944890583263277e+00
2.403010957733522801e+00
2.170294092490241411e+00
2.100283631748367519e+00
2.494335753625854579e+00
3.214584890933624983e+00
1.264123256896678704e+00
2.050605621391986322e+00
1.457866018383281892e+00
2.348138605529635381e+00
2.838991928844143864e+00
1.989137799738686763e+00
3.326221863199790185e+00
2.582164408200767536e+00
2.612720009872841587e+00
3.375084660710034878e+00
2.529337722194406002e+00
2.666236449878834236e+00
2.079318679374189571e+00
2.524498491126561106e+00
2.613548459848734407e+00
2.755584171864340348e+00
2.091237888434664960e+00
2.702938551919855215e+00
2.970344612722011668e+00
2.527419896139365907e+00
2.741245172371505223e+00
1.844662816121659610e+00
2.727208232681055389e+00
3.556825490262446987e+00
2.681096584519761183e+00
2.939308839363759418e+00
2.753349750263657469e+00
2.613214303099034463e+00
3.503426715276597658e+00
2.553903828508170992e+00
3.199134157093844966e+00
2.652057363144999957e+00
2.234455691822046841e+00
2.462560679260715091e+00
3.284059034660479881e+00
3.030297064423430164e+00
2.526454217926601853e+00
3.199005535339947137e+00
1.960819127431551845e+00
2.310049886414399900e+00
2.471944049997369497e+00
2.197095409481445660e+00
1.961066321227897591e+00
3.081213324478715432e+00
2.431098302386398124e+00
2.869324950612907710e+00
3.162793599172028181e+00
2.332133815767605256e+00
2.360226569592518864e+00
2.420656866226928550e+00
2.681834775150470307e+00
2.513081493799485866e+00
1.901553756345442991e+00
3.879741547267236079e+00
2.709129281244546217e+00
2.577223076865510887e+00
2.367042849603268717e+00
2.754349874468829285e+00
2.709523031432018669e+00
2.291568916239864695e+00
2.536911057468133279e+00
2.588405741786595993e+00
3.332241784892165271e+00
2.059981533304396706e+00
2.687192956704067992e+00
2.464565983042382946e+00
2.347702930753468920e+00
3.246831894580656463e+00
2.821837600045876915e+00
3.204195273889861362e+00
1.957075181208996817e+00
2.841055996915749837e+00
2.455629020309498145e+00
4.306384623917332455e+00
2.264061736820226489e+00
2.509627507015992798e+00
3.158700549099692889e+00
2.741632256957339475e+00
2.180854080313033627e+00
3.573938086558590577e+00
2.814668345571922359e+00
2.883197111056365447e+00
2.873209406005528432e+00
3.252096035639598259e+00
3.887984610500394123e+00
2.403363677576623836e+00
2.164672452749941023e+00
3.588740534442265151e+00
3.204817641492029079e+00
3.252434932348130747e+00
3.106032173372378580e+00
4.137506365117372908e+00
3.281278500220626615e+00
3.358938690945992622e+00
3.980924773963575802e+00
3.937224580774568050e+00
3.841547876726278954e+00
4.584586833179918663e+00
3.639987781574547832e+00
3.542975457244055715e+00
4.826481185955580067e+00
3.854194039731588362e+00
4.525753252004735216e+00
3.834389155930487014e+00
4.407823343898638946e+00
4.788638437053452712e+00
4.822622528078016835e+00
4.430254323592831334e+00
4.074455660353838660e+00
4.891672786405564466e+00
5.196354152775469082e+00
5.588258763802238960e+00
5.195859240915595478e+00
4.916061960663737906e+00
4.919988505904600906e+00
5.445061375671540027e+00
5.172796586471906544e+00
6.122489917264478443e+00
5.169248374603984786e+00
5.030075314156968957e+00
6.099839403541985838e+00
5.396419644706911711e+00
5.387780509701181053e+00
6.119916820771775789e+00
6.240185920636402983e+00
4.676607718364017785e+00
6.230466748616692918e+00
6.259745804270031577e+00
6.234477535620011501e+00
5.497680506843710013e+00
6.136431298372603038e+00
6.747045270674872697e+00
6.285272155301603547e+00
6.111821151899238025e+00
6.126350957790673846e+00
6.463567547390559831e+00
5.931235128076730589e+00
6.708540316568186057e+00
5.669526557864695171e+00
6.646591899524064928e+00
7.936630302384799940e+00
6.536928482280148778e+00
6.436299385645903648e+00
7.662265845262902886e+00
7.349574187355223387e+00
6.454193017809949140e+00
7.113167055891199020e+00
7.115126241762735226e+00
7.033265540015197992e+00
7.193470099032177600e+00
6.431206533217303623e+00
8.115915706249216655e+00
6.410191085896519425e+00
6.810156666650994062e+00
6.873267166044697341e+00
6.846526163235124862e+00
7.050309559483408428e+00
6.329650479671601992e+00
6.815020877699942581e+00
6.953676645615894714e+00
6.370639471436262191e+00
7.632977806423989264e+00
5.628447076142334637e+00
7.036260831339928856e+00
5.694153495357758388e+00
6.143493947612129524e+00
5.895764416295432575e+00
6.763833920875747197e+00
6.403246322477149199e+00
6.855301950655571019e+00
6.168749310141019571e+00
6.020762831378337232e+00
6.339692962914002194e+00
6.560412406109022321e+00
5.061337207052494236e+00
5.874112555351170606e+00
6.208274368068241955e+00
5.356829570083741388e+00
5.690789598752290068e+00
5.384184947959974821e+00
6.638947082272507849e+00
5.758544002678463336e+00
6.425995759855849698e+00
5.112398800101915164e+00
4.849334226505701118e+00
5.512686194496058789e+00
4.722754542630478447e+00
4.619856407057411296e+00
4.590723693132383154e+00
4.478016931111320709e+00
4.089944765191722453e+00
4.172621613899234028e+00
3.951885074284426036e+00
3.948790743987660612e+00
4.202284345380365771e+00
3.767757474360167613e+00
4.382415352338697723e+00
4.006228656289962053e+00
3.558708405318732559e+00
3.035347330946435385e+00
3.608882815929696175e+00
3.382859671748106756e+00
3.842524658858492703e+00
3.319299611423748075e+00
3.649975248059023958e+00
3.233653829688594605e+00
3.415495477006424085e+00
3.174672230110172855e+00
3.019083667846499175e+00
1.941326334829161393e+00
1.879312291694412496e+00
2.509392930365716090e+00
2.644977409262605494e+00
2.090514390150775448e+00
2.052102712204646462e+00
